1157	1158	1160	1161	1304	1307	4535	5451	6209	6210	7008
2	3	5	6	12	197	316	317	913	1206	1404	1405	1406	1407	1483	1484	1485	1486	1487	1663	1664	1665	1666	1789	2233	2234	2365	2598	2828	3100	3102	3103	3195	3196	3197	3244	3759	3945	3984	4124	4125	4300	4320	4505	4742	4743	4744	4745	4746	4980	4981	4982	5078	5108	5316	5735	5736	5828	5830	5971	6168	6187	6235	6237	6342	6522	6565	6584	6644	6645	6776	6867	6937	7095	7096	7097	7113	7196	7334
40	41	303	304	306	307	308	309	310	311	312	313	386	387	388	389	587	588	681	684	685	687	695	1340	1462	3192	3871	3872	3873	4185	4186	4464	4465	5289	5290	5291	5467	5468	5677	5731	6072	6206	6459	6548	6778	6805	6806	6807	7067	7137	7220	7512	7583	7608
142	533	534	1617	1618	1769	1771	1772	1774	1775	1777	1779	2069	2915	2917	3212	3828	3829	4102	4212	4332	4835	4862	4863	4864	4865	4886	4888	4994	4995	4997	5084	5091	5354	5396	5397	5398	5399	5810	5862	5863	5922	6231	6533	6619	6620	6809	7311
1361	1500	1501	1603	1819	1820	1823	1825	3843	3844	4090	4091	5765	6618	6637	7038	7179	7509	7510
180	194	556	634	1026	1430	1441	1444	1446	1450	1509	1510	1511	1512	1513	1606	1633	1634	1802	1803	1804	1807	1808	1811	1812	1860	1861	1862	2038	2095	2097	2351	2352	2353	2407	2409	3001	3114	3242	3724	3740	3741	3802	3885	3886	3887	3890	3892	3895	3916	3951	4502	4636	4685	4694	4696	5142	5145	5147	5424	5425	5426	5427	5428	5429	5567	6434	6562	6751	6808	6904	6913	7116	7360	7386	7390	7401
554	622	623	1262	1311	1312	1662	1936	1937	2626	3014	3090	3320	3573	3595	3597	3651	3652	3653	3697	3891	4129	4259	4297	4301	4588	4690	4692	5005	5107	5117	5209	5275	5315	5368	5378	5603	5604	5605	5656	5661	5675	5720	5732	5761	5762	5829	5889	5903	5917	5946	5947	6003	6047	6069	6124	6148	6402	6626	6654	6655	6684	6689	6690	6698	6699	6708	6777	6793	6859	6871	6921	6922	7066	7088	7089	7115	7138	7149	7193	7232	7253	7290	7291	7292	7293	7294	7295	7296	7297	7298	7299	7300	7301	7302	7303	7304	7305	7306	7307	7421
17	51	2155	3647	3648	4497	5899	5900	7173	7502	7564	7592
364	365	366	367	368	369	370	371	372	373	375	376	377	378	379	380	381	382	383	384	385	613	624	625	627	628	873	874	875	876	877	878	933	934	935	1305	1712	1844	1852	1853	1854	1855	1856	2089	2090	2185	2399	2400	2401	2402	2441	2442	2443	2444	2445	2446	2447	2448	2449	2450	2451	2452	2621	2752	2753	2754	2756	2757	2860	2861	2883	2884	2885	2886	3104	3105	3334	3335	3550	3552	3553	3779	3781	3782	3783	3800	4236	4379	4415	4454	4554	4784	4785	4847	4848	4849	4850	4940	4941	4943	5079	5088	5089	5172	5317	5318	5319	5320	5321	5322	5323	5324	5325	5487	5521	5565	5648	5653	5698	5824	5867	5886	5898	5964	5965	5966	5967	5968	5969	5993	6035	6181	6186	6326	6327	6364	6547	6595	6609	6869	6950	7070	7071	7147	7148	7229	7248	7323	7477	7534	7540
548	1145	1569	1571	1619	1620	1930	1931	3156	3157	4514	5019	5620	5621	5622	5623	5690	5844	5945	6769	6770	7072	7140	7141	7142	7143	7144	7145	7506	7614
87	1907	1908	1909	2465	3033	3034	3035	3122	3123	3125	3714	4612	4613	4614	4615	4665	5263	5705	5706	5707	5949	7498
66	167	168	169	171	172	173	174	239	250	255	346	349	441	442	558	559	560	562	563	564	565	567	653	654	655	656	666	837	838	841	845	847	849	853	854	855	857	863	865	942	995	1132	1333	1451	1547	1550	1552	1553	1678	1720	1725	1726	1728	1730	1732	1736	1737	1738	1742	1744	1746	1747	1753	1755	1756	1757	1759	1761	1763	1765	1805	2039	2040	2056	2058	2101	2102	2103	2104	2105	2107	2109	2112	2140	2208	2209	2211	2213	2238	2266	2426	3037	3038	3143	3144	3148	3336	3337	3345	3346	3396	3402	3564	3565	3852	3854	3855	3858	3860	3861	3862	3863	3864	3989	4007	4009	4010	4018	4036	4271	4350	4351	4352	4418	4627	4640	4680	4704	4855	4913	4950	4951	5212	5214	5310	5376	5409	5449	5450	5514	5533	5646	5664	5718	5979	6242	6394	6405	6507	6510	6558	6623	6624	6625	6779	6826	6827	6828	6853	6854	7028	7175	7362	7565	7605
261	262	264	265	267	268	269	270	272	273	274	453	455	606	607	609	610	611	612	614	616	617	618	619	621	1167	1168	1171	1498	1499	1589	1591	1595	1596	1672	1673	1675	1677	1846	2245	2299	2300	2302	2303	2305	2306	2307	2308	2309	2321	2322	2636	2637	2638	2639	2640	2642	2643	2645	2646	2903	2908	2911	2954	2955	2956	3032	3112	3113	3174	3175	3246	3360	3361	3665	3810	4013	4014	4015	4016	4017	4044	4052	4053	4054	4055	4189	4242	4343	4577	4771	4772	4787	4811	4867	4874	4992	5047	5060	5192	5238	5239	5303	5416	5582	5631	5827	6034	6156	6392	6417	6418	6419	6439	6573	6616	6723	6856	6874	6891	6910	6960	6974	7051	7127	7128	7194	7210	7383	7411	7443	7541
206	208	237	395	579	725	726	727	728	729	730	731	884	886	887	888	1330	1415	1416	1949	1956	1958	1962	1963	2025	2026	2027	2166	2367	2440	2545	2548	2549	2740	2994	3022	3067	3069	3071	3072	3074	3607	4057	4058	4059	4153	4154	4299	4463	4521	4601	4603	4604	5095	5128	5129	5131	5132	5134	5135	5136	5137	5138	5180	5181	5185	5186	5883	6306	6422	6423	6427	6673	6878	7019	7434	7514
2940	5015	5016	5017	5847	7014	7317	7318
1283	1284	1285	1286	1287	1288	2975	2976	2977	3366	3367	3578	3580	3581	3582	3583	3585	3586	3587	3588	4296	4583	4584	5201	5203	5204	5205	5502	5852	5894	6270	6271	6463	6521	6524	6965
277	284	294	1773	1776	1778	2218	2219	2220	2221	2222	2223	2224	2225	2589	2590	2775	4478	5231	5277	6924	7025	7169
219	275	279	289	2424	2425	2562	3376	4317	4318	4319	4329	4330	4331	4637	4802	5276	5436	6352	7171	7606
1290	1291	2867	3536	4245	4246	4247	4248	4249	5105	5217	5225	5226	5511	5512	5513	6106	6107	6108	6586	6587	7450
1314	1315	2081	4923	5218	5308	5309	6662
489	1224	1621	1622	1942	1943	1944	2729	2795	3065	3517	3592	4355	4572	4805	4806	5082	5682	5683	5920	6006	6007	6232	6308	6309	6438	6822	6823	6855	6933	7288	7315	7316	7322	7422
1723	3776	3824	4920	4921	5069	5070	5071	5649
7	735	906	907	908	909	910	911	914	915	916	917	918	919	920	921	922	923	1070	1408	1502	1503	1504	1610	1821	1822	1824	1975	2271	2278	2384	2385	2895	3129	3130	3131	3132	3133	3134	3135	3136	3760	3774	3775	3903	4109	4110	4111	4112	4113	4114	4115	4116	4117	4118	4119	4120	4123	4194	4434	4740	5074	5182	5435	5610	5611	5716	5738	5837	5929	5956	6092	6134	6660	6696	6697	6877	6911	6943	7003	7012	7492	7493	7495	7533	7598
450	949	3880	4649	6011	6095	6096	6097	6098	6099	6100	6656	6659	6905	7584
1562	1563	4911	5672	5673	5713	6103	7241	7283	7284	7285	7286
3973	5577	5578	5579
65	69	305	1279	2076	2502	3080	3223	3252	4063	4064	4081	4082	4083	4084	4224	4474	4630	4763	4764	4873	5073	5249	5380	5766	5767	5768	5909	5916	5972	6000	6363	6365	6366	6367	6368	6370	6371	6372	6373	6375	6376	6378	6379	6380	6381	6383	6384	6820	6868	7371	7604
92	93	94	95	96	97	98	99	100	101	102	103	104	105	106	107	108	109	110	111	112	113	114	115	116	117	118	119	120	121	427	535	536	537	572	576	582	737	738	739	740	742	743	744	745	746	747	748	749	750	751	752	753	754	756	757	758	759	760	761	762	764	765	767	768	769	770	771	772	773	774	775	776	777	778	779	780	781	782	783	784	786	788	789	790	791	792	793	794	795	796	797	798	1071	1072	1073	1572	2014	2261	2263	2311	2649	2650	2651	2652	2653	2655	2656	2657	2658	2659	2661	2662	2663	2665	2666	2667	2668	2669	2671	2672	2673	2674	2675	2676	2677	2678	2680	2681	2682	2683	2684	2685	2686	2687	2688	2689	2690	2691	2692	2693	2694	2695	2696	2697	2698	2702	2703	2704	2705	2706	2707	2708	2709	2710	2711	2712	2713	2714	2715	2716	2717	2718	2719	2835	2843	3215	3556	3557	3558	3559	3566	3639	3640	3686	4162	4197	4302	4316	4321	4325	4387	5031	5092	5093	5306	5431	5432	5544	5545	5580	5679	5704	5887	5888	6057	6082	6182	6212	6213	6214	6215	6216	6217	6329	6330	6516	6561	6608	6705	6709	6772	7168	7217	7326	7377	7405	7408	7487	7520	7526	7542
418	1435	2181	2593	2594	2849	4284	4285	4286	4957	4958	4959	5041	5292	5499	5500
1038	1039	1040	1041	6549
866	870	2024	2028	2029	2030	2031	2032	2033	2034	2035	2036	2037	2049	2094	2197	2198	2199	2200	2338	2339	2340	2342	2343	2344	2345	2346	2347	2348	2349	2350	2607	2628	2871	3017	3079	3081	3082	3459	3520	3540	3867	4126	4127	4232	4391	4507	5139	5140	5240	5959	5960	6340	6385	6500	6570	6571	6581	6753	6754	6895	6969	6987	7010	7473	7568	7582
435	436	437	438	439	456	457	458	897	898	901	902	1021	2386	2410	2624	2625	2627	2969	4095	4096	4097	4098	4099	4390	4774	4794	4999	5190	5268	5484	5938	5950	5953	5954	5955	6174	6285	6307	6424	6425	6458	6664	6936	7032
4146	4147	4945	4946
472	474	1597	1598	1599	2647	4012	4595	4956	5584	5733	6091	7556	7557	7616
836	943	944	1799	2618	2623	3039	3589	3590	3591	4261	4262	4263	4264	4322	4323	4324	4625	5213	5420	6090	6289	6290	6291	6292	6858	7312	7347	7395
81	82	706	850	987	1280	2423	3749	5809	5878	5901	5902	6555	7017	7034	7035
859	1470	1471	1472	1669	1670	1709	1715	1750	1758	1762	2051	2052	2054	2116	2120	2393	2420	2813	3095	3098	3302	3303	3304	3305	3362	3363	3394	3399	3400	3777	4039	4040	4244	4504	5033	5164	5227	5262	5344	5345	5346	5347	5348	5383	5384	5691	5890	5991	6453	6454	6638	6810	6894	7026	7308	7346	7539	7613
10	204	205	209	236	238	390	391	392	393	394	396	397	399	401	585	586	670	671	972	973	974	975	976	977	978	979	1047	1123	1124	1189	1190	1191	1192	1193	1194	1195	1196	1197	1198	1642	1917	1919	1920	1988	2736	2737	2741	2768	2769	2770	2771	2837	2838	2839	2840	2961	2962	2997	2999	3377	3378	3381	3382	3383	3384	3385	3386	3417	3421	3422	3457	3464	3465	3466	3467	3468	3469	3470	3480	3481	3482	3486	3489	3490	3538	3539	3562	3606	3608	3687	3688	3689	3690	3691	3692	3693	3712	3713	3717	3718	3719	3721	3722	3723	3869	4239	4260	4290	4291	4292	4366	4476	4477	4523	4525	4526	4527	4528	4529	4543	4608	4662	4803	4804	4933	4934	5098	5120	5121	5141	5178	5187	5222	5223	5224	5248	5252	5305	5349	5482	5534	5562	5608	5624	5625	5635	5636	5660	5662	5835	5868	6039	6110	6130	6253	6262	6301	6413	6465	6481	6495	6496	6498	6499	6501	6509	6538	6612	6614	6672	6946	6957	6995	7018	7033	7061	7154	7155	7177	7262	7263	7366
702	703	704	705	707	708	709	710	711	712	713	714	715	716	718	1030	1335	1337	1338	1339	1345	1346	1347	1348	1349	1350	1352	1353	1354	1355	1357	1359	1463	1465	1473	1474	1475	1476	1477	1478	1479	1480	1481	1482	1791	1792	1793	1794	1795	1796	1924	1925	1926	1927	3544	3671	3672	3748	3820	3833	4226	4227	4229	4534	4536	4823	4824	5843	5859	5910	6176	7363	7588
314	315	485	952	1059	1079	1080	1081	1082	1083	2195	2196	2660	3268	3269	4148	4149	4150	4159	4160	4788	4789	4856	4857	5151	5547	5618	5619	5727	5728	5801	6579	6816	7047	7121	7162
133	139	152	153	156	163	164	230	319	322	414	422	423	443	444	445	447	448	449	766	785	956	957	1062	1063	1066	1093	1164	1165	1223	1226	1227	1242	1247	1249	1252	1255	1257	1258	1360	1368	1623	1626	1627	1780	2059	2060	2285	2286	2361	2362	2364	2482	2561	2727	2731	2732	2733	2791	2793	2798	2807	2869	3407	3409	3415	3447	3543	3611	3795	3904	4103	4143	4144	4165	4166	4223	4287	4309	4334	4442	4443	4555	4556	4557	4558	4644	4647	4648	5173	5352	5353	5355	5422	5423	5446	5574	5576	5598	5647	5654	5744	5807	5808	5823	5927	6032	6056	6141	6143	6157	6158	6295	6412	6539	6553	6582	6630	6641	6704	7013	7064	7080	7086	7183	7216	7287	7324	7325	7330	7343	7484	7531	7549	7567	7573
350	351	352	353	355	360	506	507	546	549	661	662	663	665	667	668	669	672	734	1004	1156	1331	1332	1535	1899	1900	1910	1911	1912	1913	1946	1947	1948	1950	1952	1953	1954	1955	1957	1959	1960	1961	1964	2048	2050	2152	2163	2167	2168	2226	2227	2259	2491	2492	2493	2494	2571	2576	2577	2578	2579	2580	2582	2583	2584	2586	2817	2858	2859	2909	2953	3004	3020	3021	3070	3073	3151	3180	3461	3603	3604	3609	3610	3638	3789	3790	3791	3792	3827	3831	3888	4138	4139	4141	4142	4152	4192	4193	4240	4256	4345	4401	4402	4404	4405	4406	4455	4456	4457	4459	4460	4501	4522	4606	4654	4684	4810	4892	4893	4952	4953	4954	4975	5048	5049	5050	5083	5110	5111	5112	5113	5130	5133	5149	5304	5326	5327	5328	5374	5375	5452	5526	5527	5528	5529	5548	5549	5555	5556	5557	5558	5559	5560	5585	5606	5717	5725	5740	5749	5854	5858	5881	5895	5921	5937	5997	6044	6075	6084	6133	6150	6194	6195	6211	6315	6390	6391	6415	6416	6429	6435	6505	6506	6512	6648	6703	6804	6836	6898	6925	6971	6979	7037	7045	7058	7084	7107	7159	7192	7195	7201	7223	7246	7258	7265	7266	7267	7268	7269	7270	7271	7272	7273	7274	7275	7276	7277	7357	7365	7370	7431	7432	7439	7440	7441	7558	7585	7591
359	3634	3635	3636	4498	5811	5812	6310	7522	7523
417	3702	3705	3706
2372	2622	3124	3668	3669	3856	4137	4156	4621	4622	4677	4678	4681	5254	5586	5587	5588	5589	6487	6488	6523
138	147	155	165	166	217	276	278	280	281	285	286	287	288	290	291	293	295	296	425	471	492	1060	1147	1182	1222	1228	1229	1230	1248	1271	1272	1275	1362	1363	1366	1367	1370	1372	1374	1601	1624	1628	1656	1657	1691	1716	2061	2726	2728	2970	2971	2972	2973	2974	3002	3059	3189	3272	3273	3275	3277	3412	3413	3560	3794	3994	4005	4022	4047	4188	4250	4303	4305	4307	4308	4310	4311	4312	4313	4314	4315	4357	4377	4378	4392	4552	4663	4664	4801	4853	4907	4977	4978	5211	5253	5297	5311	5366	5434	5597	5628	5774	5777	5800	5806	5853	5866	6167	6269	6302	6303	6304	6358	6444	6445	6872	6896	6897	7011	7093	7094	7289	7309	7380	7419	7550
674	675	676	677	678	679	680	682	683	686	688	689	690	691	692	693	694	696	697	1898	2100	2495	2497	3874	4560	4916	4925	4937	5615	5616	5770	6250	6316	6317	6339	6479	6577	7134	7242	7426	7456	7536
597	600	1011	1493	1494	1534	1542	1554	1556	1616	1693	1694	1748	1818	1867	2194	2257	2258	2298	2304	2529	2564	2565	2566	2567	2568	2569	2738	2739	3109	3111	3149	3164	3308	3309	3310	3311	3342	3343	3344	3395	3401	3514	3515	3516	3534	3535	4024	4076	4079	4151	4203	4204	4230	4231	4251	4252	4272	4273	4274	4275	4408	4439	4440	4597	4598	4753	4984	4985	4986	5075	5076	5096	5101	5102	5419	5472	5592	5593	5594	5645	5753	5754	5833	5839	5840	5849	6145	6146	6177	6178	6393	6404	6491	6515	6687	6706	6707	6774	6893	6916	6932	6988	6993	6994	7000	7029	7074	7120	7181	7351	7448	7449	7527	7528	7569	7594	7595
254	327	344	657	839	858	860	1044	1207	1209	1495	1533	1551	1583	1585	1695	1706	1719	1722	1729	1731	1733	1739	1741	1745	1749	1760	1764	1768	1816	2057	2108	2174	2191	2192	2215	2296	2373	2456	2458	2459	2464	2528	2530	2531	2532	2533	2534	2536	2537	2538	2541	2542	2543	2544	2550	2551	2570	2572	2587	2588	2620	2746	2814	2815	2816	2854	2855	2856	3078	3110	3150	3162	3163	3167	3364	3492	3602	3834	3835	3836	3857	3889	4027	4077	4078	4088	4218	4234	4265	4503	4673	4674	4928	4936	4970	4971	5163	5165	5236	5448	5485	5486	5696	5714	5755	5778	5836	5848	5891	6048	6049	6254	6334	6335	6403	6633	6635	6667	6851	6876	6892	6973	7079	7082	7197	7516	7521	7538	7543	7611
42	43	374	941	1309	1433	1630	1639	1640	1643	2427	2500	2501	2844	2845	2848	2850	2851	2853	3075	3076	3199	3200	3260	3270	3426	3427	3471	3472	4910	5516	5517	5943	6594	6639	6647	6731	6732	7078	7085	7213	7459	7460
221	431	432	433	434	459	461	573	871	872	2009	2010	2552	2553	2788	2789	4499	5540	5541	5542	6074	6164	6165	7249	7444	7470	7581
1378	1379	3359	4629	7119	7224
799	800	801	4471	4472	4491	5055	5056	5057	7494
83	84	85	86	1328	1329	2269	2724	2725	2919	2920	2990	2991	4758	4866	4918	4919	5002	5086	5561	6640
428	883	1243	1885	1886	1887	1889	1987	1990	2041	2043	2044	2045	2148	2239	2240	2481	2760	3166	3168	3169	3231	3264	3475	3476	3533	3660	3661	3662	3701	3948	4092	4093	4520	4564	4610	4611	4831	4832	4834	4836	4838	4840	4841	4843	5104	5359	5360	5391	5392	5442	5864	6395	6396	6397	6398	6399	6400	6401	6671	6682	6883	6952	6977	7166	7214	7331	7332	7364	7457	7601	7609
550	664	1989	3456	3462	3479	3605	3737	4241	5127	5857	5869	6121	6668	7118
4515	4516	4517	4518	5874	5875	5876
14	58	1264	1265	1980	2015	2516	2517	2518	2519	2520	2521	2522	2523	2524	2525	2526	2527	2874	4962	4963	5232	5244	5336	7378	7379	7545	7587
70	71	673	1188	2747	2748	2749	2750	3230	3283	3284	3285	3286	4524	4544	4545	4579	4809	5174	5932	6725	7454
1201	1699	1891	1892	1893	1894	1895	2499	2934	2935	2936	2937	2939	2941	4728	4776	4777	4779	5568	5569	5570	5689	5802	6204	6205	6632	7191
885	1897	3276	4881	4883	5183	5463	6192	6344	6451	7321
945	1216	1410	1411	1413	1414	1517	1806	2158	2177	2327	2887	2888	2889	2890	2891	3250	3734	3845	3846	3941	3942	3952	3953	3954	3955	4069	4361	4479	4480	4626	4759	4905	5077	5312	5377	5493	5495	5497	6243	6409	6694	6695	6712	6880	6889	6962	7187	7402	7535
593	594	595	596	1316	1317	1318	1319	1770	1873	1875	1876	1877	1878	1879	1880	1881	1882	1883	1884	3211	3213	3214	4635	6286
77	79	2847	2852	3730	3731	3735	4416	5379
603	605	1088	1089	1090	1091	1815	1991	1992	1993	1994	1995	1996	1997	1998	1999	2000	3127	3128	3624	5024	5025	5243	5246	5329	5538	5546	5721	5896	7158	7190	7497
13	15	16	18	19	20	45	46	47	49	50	52	53	54	55	56	57	60	1133	1134	1135	1136	1138	1139	1140	1141	1143	1144	1146	1199	1200	1202	1203	1204	1205	1214	1217	1218	1219	1220	1221	1412	1514	1515	1516	1570	1698	1700	1704	1705	1979	2172	2173	2326	2368	2923	2924	3115	3116	3118	3119	3120	3121	3434	3896	4333	4360	4362	4363	4364	4365	4400	4547	4559	4780	4825	4826	4827	4947	5051	5052	5301	5750	5994	6101	6160	6185	6263	6264	6265	6408	6437	6552	6834	6923	7027	7433
577	1125	2701	2811	2812	3355	3356	3357	3358	3563	3598	3676	3677	3678	3679	3680	3681	4176	4177	4178	4187	4877	4878	4879	4880	4882	4884	4885	5519	5552	5553	5554	5892	5893	6137	6138	6139	6278	6452	6734	6920	6964	6978	7156	7157	7211	7228
569	580	4358	4682	4683	4765	4766	5455	6341	7500	7501
755	1244	1245	1256	1629	2264	2664	2670	2679	2699	3979	4860	4861	5206	5995	6166
1689	3091	3092	5339	5488	5489	5865	5870	5871	5872	6349	6350	6351	7344	7610
283	1800	1801	1928	1929	2161	2162	2265	2555	2558	2559	2560	2792	3085	3087	3088	3263	3375	3599	3600	3729	4003	4070	4071	4205	4206	4207	4208	4209	4210	4211	4213	4214	4215	4216	4631	4643	4666	4816	5011	5018	5539	6015	6183	6184	7126
652	658	659	1098	1564	1565	2178	2179	2189	2190	2253	2546	2547	3026	3027	3028	3029	3569	4889	4890	4930	6860	6917	7436
398	400	406	980	1046	2072	2201	2202	2337	2341	2609	2610	2787	2998	3016	3379	3380	3458	3483	3484	3485	3487	3488	3570	3572	3574	3575	3576	3577	3615	3670	3715	3716	3720	3866	3868	4237	4238	4288	4289	4461	4575	4698	4709	4817	4987	4988	4989	5503	5607	5928	5933	5934	6025	6026	6027	6028	6076	6077	6078	6109	6111	6113	6114	6115	6116	6117	6118	6119	6120	6122	6123	6125	6127	6128	6129	6131	6293	6314	6440	6447	6497	6578	6752	6756	6870	6934	7022	7150	7199	7455	7586
1234	1235	1236	2826	4128	4431	4432	4433	7352	7589
1266	3620	3622	3623	3625	3626	4157	4158	4549	4550	5473	5474
477	478	480	481	482	483	568	570	571	856	1647	2159	2160	2203	2818	2819	2820	3641	3642	3643	4028	4029	4030	4031	4032	5153	5154	5155	5156	6200	6693	7030	7160
2539	2540	2606	3158	3348	3351	3551	4462	5563	5760	5957	5958	6023	6267	6268	6287	6700	7279	7280
2959	3627	3629	3801	3803	3804	3805	3806	6477	6727	6728	6901	6914	6972	7345	7387	7579	7620
216	220	1149	1150	1151	1152	1153	1154	1155	1456	1752	2204	2205	2206	3295	3521	4104	4105	4106	4107	4795	4796	5207	5208	5537	6288	6433	6634	7083	7146	7544	7560	7599
4602	5988	5989	6486	7491
1951	2585	3030	4761	4762	4961	4974	4976	5873	6059	6060	6061	7482	7566
2599	2600	4133	6016	6653	7235	7236	7382	7465
1365	1888	1890	2011	2012	2013	2700	2918	3232	3233	3234	3391	3823	3825	3826	4001	5460	5551	5708	5709	5818	6432	6508	6610	6757	6758	6759	6981	6982	7151	7231	7554	7561
354	358	495	538	539	541	542	543	544	545	547	1037	1334	3463	3956	3957	4140	4167	4168	4344	4359	4420	4421	4605	4607	4617	4638	4655	4708	4808	4891	4924	4926	5040	5085	5097	5099	5114	5170	5234	5235	5288	5372	5373	5550	5850	5860	6012	6013	6180	6274	6275	6276	6556	6569	6599	6783	6784	6785	6786	6887	6890	6963
23	34	37	122	123	124	125	126	642	645	648	649	650	651	805	806	814	827	829	833	834	889	890	891	892	893	894	896	1033	1034	1035	1036	1421	1426	1932	1933	1934	1935	2083	2356	2454	2507	2511	2513	2515	2790	3218	3219	3288	3289	3290	3291	3292	3321	3322	3324	3325	3326	3328	3329	3435	3506	3784	3926	3927	3936	4049	4184	4475	4548	4722	4767	4768	4938	5109	5295	5296	5437	5617	5643	5780	5998	5999	6042	6196	6322	6347	6420	6421	6476	6542	6824	6825	6947	7204	7205	7239	7350	7416	7517
4381	4382	4383
460	905	2092	3182	3217	3637	3818	3819	3878	3919	3920	3921	4254	4255	4394	4395	4769	4973	5106	5168	5629	5630	5756	5935	6221	6222	6277	6885	7123	7202	7353	7354	7355	7356	7575	7617
211	212	213	1380	1381	1382	1383	1384	1385	1386	1387	1388	1389	1390	1391	1392	1393	1394	1395	1396	1397	1398	1399	1400	1401	1402	1403	2280	2281	3043	3044	3046	3519	3567	3568	3922	4282	4599	4781	4782	4908	4909	5046	5118	5119	5676	5799	5939	6490	6566
1423	2229	2232	2484	2485	2486	2487	3923	4122	4450	4652	4998	5000	5298	5299	5300	6088	6220	6382	6520	6643	6948	6949	6989
1116	1117	2077	2088	2091	2256	2390	3913	4220	4221	4717	4754	4755	4756	4757	4967	5522	5523	5524	5658	5763	5838	5940	5941	5942	6646	6737	6837	7485
132	134	136	137	140	143	145	148	149	151	154	159	160	161	162	235	282	318	323	412	416	419	420	421	424	469	484	488	490	551	552	741	946	1058	1115	1129	1239	1240	1371	1373	1685	1687	1688	1690	2062	2654	2796	2797	2801	2803	2804	2805	2806	2808	2809	2810	2925	3053	3055	3057	3060	3061	3188	3190	3191	3235	3261	3262	3300	3410	3425	3770	3771	3943	3983	3992	3993	3997	4004	4006	4033	4034	4035	4427	4468	4553	4566	4567	4569	4676	4906	5152	5162	5351	5356	5358	5575	5737	5855	5915	6144	6554	6803	7039	7040	7076	7212	7233	7451	7488
3928	3929	3930	6472
787	1148	1162	1163	1172	1173	1175	1176	1177	1178	1179	1180	1181	1452	1453	1454	1455	1686	3138	3139	3140	3141	3142	3949	5729	5730	6821	7226	7227
1064	1128	1131	1212	1213	1225	1364	1369	1579	1580	1581	2557	2926	2951	3411	4094	4798	4799	4800	4894	5036	5470	5571	6768	6938	7489	7525	7548
3323	4046	4048	4914	5393	5394	5441	5461	6574	6575
840	844	861	985	1320	1721	2186	2187	2188	2216	3256	4417	5447	5668	5669	6353	6485	6650	6813	6817	7036	7122	7391
1186	3644	3645	3646	4347	6819	7041
207	218	720	721	723	724	1159	2078	2079	2082	2084	2085	2086	2087	2563	3508	3509	3510	4551	5242	5670	5819	5912	6338	6345
356	357	1938	1939	2616	2617	3736	4171	4770	4820	4821	4822	5034	5035	5361	5403	5404	5405	5406	6247	6580	6601	7060	7215	7407
967	2836	2984	2986	2987	2988	2989	3499	3500	3501	3502	3733	4656	4657	4658	4659	4660	4661	4726	4727	4993	5402	5684	5702	5703	6764	6991	7207	7255	7256	7414
44	48	1697	1785	1786	1787	1788	1857	1859	2282	2283	2995	2996	3018	3649	3650	3944	4060	4061	4062	6252	6543	6544	6992	7073	7182	7572
199	200	201	202	203	2597	2800	4645	4839	5158	5269	5270	6300
252	868	991	1231	1232	1233	1325	2297	2435	2723	3494	3511	3512	3513	4270	4441	4469	4470	4530	4531	4669	4898	4917	4922	4948	5667	6086	6112	6198	6652	6984	7043	7044	7114	7515
0	1	266	271	530	608	615	620	626	629	971	1166	1169	1170	1592	1593	1594	1631	1632	1834	1835	1836	1837	1838	1839	1840	1841	1842	1843	1845	1847	1848	1849	1850	1851	1868	1869	1870	1871	1872	2046	2047	2246	2247	2301	2755	3031	3160	3161	3274	3287	3318	3353	3354	3390	3432	3663	3664	3666	3667	3838	3839	3840	3841	3842	4080	4191	4280	4281	4576	4578	4616	5037	5038	5058	5059	5087	5414	5415	5595	5596	5650	5651	5652	5674	5692	5930	5963	6207	6248	6249	6348	6406	6407	6493	6583	6607	6631	6688	6724	6729	6944	6958	6959	7092	7237	7238	7389	7415	7530	7607
361	362	363	451	452	454	1671	1674	1676	2001	2641	2902	2904	2905	2906	2910	2912	2913	2914	2947	3444	3933	4011	4050	4051	4190	5237	5302	6014	6017	6018	6019	6020	6021	6022	7499
177	178	181	182	189	408	410	411	520	521	523	525	527	529	531	532	553	555	557	763	1078	1111	1449	1914	1973	1974	2075	2098	2272	2488	2629	2630	2631	2632	2633	2634	2635	2765	2766	2767	2978	2981	2982	3003	3107	3108	3204	3205	3206	3207	3208	3330	3332	3524	3708	3709	3746	3807	3809	3811	3812	3813	3814	3815	3816	3832	3883	4100	4132	4198	4199	4200	4201	4340	4341	4342	4422	4423	4448	4449	4537	4538	4711	4712	4713	4715	4716	5008	5080	5266	5430	5498	5813	5885	5923	6073	6179	6328	6336	6468	6597	6598	6628	6642	6771	6852	6873	6999	7230	7399	7430	7472	7600	7602
24	3019	3747	5382	5680	6323	6456	6457	6550	6551	7163	7381
1324	2248	2250	2251	2252	3224	3312	3313	3314	3315	3316	3317	3460	4085	4871	4872	5284	5369	5370	5371	7225
226	227	1031	1263	1267	1321	1696	1702	2153	2154	2156	2157	2312	2313	2314	2316	2319	2320	4729	5245	5247	5282	5283	5331	5981	5982	6223	6324	6325	6961	7024	7437	7438
64	1439	1442	1976	2277	2389	2403	2405	2408	3010	3176	3178	3339	3340	3744	3745	3848	3849	3850	3877	4068	4134	4135	4136	4384	4752	4773	4775	4790	4983	5026	5027	5028	5029	5030	5634	5657	5834	5936	5992	6140	6142	6321	6792	6865	6866	7261	7320	7349	7359	7503	7578
128	184	339	341	526	630	633	638	823	1020	1022	1023	1025	1027	1028	1118	1121	1428	1443	1445	1447	1448	1567	1604	1607	1611	1612	1613	1614	1636	1654	1655	1667	1668	1717	1813	1940	1941	2149	2150	2289	2354	2419	2506	2824	2825	2827	2875	2876	2896	2958	2960	3007	3280	3281	3282	3418	3419	3436	3505	3529	3530	3531	3545	3546	3547	3549	3579	3584	3808	3893	3894	3917	3950	4335	4388	4389	4413	4582	4592	4672	4760	4819	4854	4965	4966	5179	5199	5250	5279	5480	6005	6135	6191	6208	6230	6414	6564	6666	6677	6738	6740	6741	6742	6743	6744	6745	6746	6747	6748	6749	6789	6794	6795	6796	6799	6800	6801	6879	7057	7063	7065	7328	7404	7442	7463	7475
958	959	960	963	964	965	966	969	970	1488	1489	3439	3619	4852	5293	5294	5341	5515	5525	5659	6441	6802	6833	7153	7251	7373	7374	7508
2249	3152	3153	4372	4373	4374	4375	4445	4447	5210	5856	6875	7023
4868	4869	4870	7104
185	292	473	879	880	881	882	939	1273	1434	1505	1506	1507	1508	1781	1831	1832	1833	1858	2099	2113	2284	2467	2734	2735	2794	3023	3024	3093	3094	3145	3154	3155	3170	3173	3179	3181	3183	3184	3193	3194	3201	3258	3259	3369	3370	3403	3404	3405	3406	3428	3429	3430	3431	3441	3442	3443	3473	3474	3596	3621	3630	3631	3632	3633	3657	3684	3778	3985	3986	3987	3988	4072	4073	4130	4131	4195	4196	4266	4269	4437	4562	4563	4833	4912	5003	5004	5020	5021	5022	5166	5167	5215	5216	5220	5333	5365	5385	5386	5387	5388	5389	5390	5412	5413	5572	5583	5626	5627	5637	5638	5687	5688	5757	5794	5795	5796	5804	5805	5907	5908	6050	6051	6132	6151	6152	6153	6259	6343	6356	6357	6389	6480	6514	6534	6535	6536	6537	6588	6602	6603	6658	6669	6681	6721	6722	6761	6762	6763	6787	6811	6812	6814	6850	6945	6968	7165	7178	7188	7200	7208	7209	7310	7313	7314	7329	7333	7341	7342	7393	7412	7418	7445	7446	7447	7478	7532	7546	7555	7577
1358	6713	6714	6715
8	176	1277	1278	3445	3446	3682	3683	3757	3884	4161	4294	5948	6518	6527	7052	7053	7054
2921	2922	3900	3901	3902	6701	6702	7189	7252	7417
475	476	961	962	968	1587	1588	2175	2176	2318	2601	2603	2893	2894	3249	3251	4298	4667	4668	4939	5067	5068	5256	5257	5258	5259	5260	5261	6361	6460	6461	6462	6831	6832
21	22	25	26	27	28	29	31	33	35	36	38	39	183	214	215	632	637	643	644	646	647	722	802	803	804	807	808	809	810	811	812	813	815	816	817	818	819	820	821	822	824	825	826	828	830	831	832	835	895	1024	1100	1120	1259	1260	1261	1418	1419	1420	1424	1425	1427	1429	1431	1437	1438	1491	1492	1566	1568	1605	1608	1609	1615	2096	2355	2412	2453	2455	2508	2509	2510	2512	2514	2595	2596	2823	2992	2993	3036	3047	3216	3220	3243	3271	3278	3327	3507	3526	3527	3528	3685	3763	3764	3765	3766	3767	3847	3899	3934	3935	3937	3938	3964	4045	4089	4267	4268	4276	4277	4293	4349	4354	4424	4425	4496	4633	4634	4653	4710	4721	4723	4724	4747	4797	4887	4904	5081	5124	5600	5601	5602	5644	5905	5906	5925	5926	5962	5977	6002	6004	6261	6282	6377	6473	6474	6475	6494	6606	6611	6674	6675	6676	6678	6679	6680	6790	6798	6835	6847	6966	7048	7336	7337	7361	7376	7397	7398	7481	7483
61	63	67	68	1045	1048	1322	3253	3254	3341	3870	6559	7559
899	1294	1295	1296	1297	1826	1827	2374	2375	2376	2377	2378	2379	2380	2381	2382	2383	3452	3453	3454	3455	4019	4020	4021	4339	4842	4927	5535	5924	5983	6089	6246	6665	7135	7136
699	701	717	1074	1075	1076	1077	1313	2254	2255	2357	2358	2359	2360	2967	3185	3229	4473	4829	4830	4837	5188	5189	5200	5530	5531	5532	5758	5759	5764	5897	5952	6046	6058	6199	7259	7547
2644	6010	6730	6926	6927	6928	6929	7176	7524
3673	3674	3675	7015
581	1625	1679	1680	1683	1684	2556	3058	3897	3898	3908	4356	4570	4596	5747	5748	6545	6546	7098	7099	7170	7452
240	241	242	243	244	245	246	247	248	1105	1637	1638	1921	1922	1923	1981	1982	1983	1984	1985	1986	2042	2106	2328	2329	2330	2331	2332	2333	2772	2773	2774	2776	2777	2778	2779	2780	2781	2782	2783	2784	2785	2786	3365	3518	3593	3750	3751	3752	3772	3773	3914	4145	4565	4671	4812	4813	4814	5032	6279	6280	6296	6297	6354	6355	6576	6840	6841	6842	6844	6845	6846	7031	7077	7184	7185	7240	7338	7462	7623
574	575	578
32	89	90	91	127	129	131	210	258	259	260	263	407	440	591	592	635	700	924	925	926	927	938	1049	1050	1051	1292	1293	1417	1544	1708	1710	1711	1713	1714	1782	1809	1810	1977	2151	2169	2170	2171	2287	2288	2290	2291	2292	2293	2294	2295	2391	2392	2411	2413	2414	2415	2416	2417	2418	2483	2602	2608	2611	2612	2613	2614	2615	2730	2743	2761	2762	2763	2764	2881	2882	2957	2964	3011	3048	3198	3226	3247	3248	3331	3532	3601	3628	3695	3696	3698	3699	3700	3768	3821	3822	4202	4376	4546	4585	4586	4587	4589	4590	4591	4593	4594	4620	4632	4675	4687	4688	4689	4693	4783	4858	4859	4929	4942	4968	5053	5054	5100	5175	5202	5251	5267	5271	5332	5632	5633	5678	5710	5711	5712	5851	5951	5970	5976	5987	6008	6009	6033	6045	6093	6170	6175	6188	6258	6283	6446	6482	6504	6686	6691	6692	6720	6791	6888	6899	6906	6907	6915	6939	6970	6990	7049	7068	7069	7087	7105	7129	7152	7282	7369	7385	7396	7400	7423	7425	7429	7480	7496	7505	7580
224	225	257	325	660	842	852	862	981	982	983	988	992	998	1001	1002	1003	1323	1326	1644	1645	1646	1650	1905	1906	1945	2210	2212	2217	2236	2237	2260	2267	2268	2421	2879	2880	3068	3159	3221	3255	3257	3754	3817	3851	3859	3939	4008	4075	4217	4407	4438	4533	4639	4641	4725	4792	4793	4915	5066	5125	5126	5228	5255	5475	5599	5663	5816	5845	5846	5861	5877	5931	6041	6070	6313	6333	6519	6560	6750	6760	6815	6818	6941	6942	7203	7339	7340	7384	7413	7424	7519	7576
3045	4623	4624	5157	5913	5914
222	223	487	2942	2943	2944	2945	2946	4426	4699	4700	4701	4702	4703
59	1137	1142	1658	1659	1660	1661	2369	2892	2898	2899	2900	2901	3171	3172	3865	4172	4173	4174	4175	4508	4509	4510	4511	4512	4513	5176	5177	5184	5219	5221	5746	5751	5773	5820	5821	5822	6071	6251	6337	6781	6864	6931	7139	7551	7553
426	464	465	467	468	1127	2241	2554	2907	3266	3267	3279	3387	3389	3960	3961	4169	4170	4222	4419	4568	4844	4969	5471	5520	5699	5781	5784	5944	6024	6029	6030	6031	6572	6848	6900	7458	7486
1009	1010	1012	1013	1014	1015	1016	1017	1018	1019	1310	3293	3294	3297	3298	3299	3301	4492	4493	5407	5408	5410	5411	5694	5695	5771	5996	6136	6218	6240	6661	7375
518	519	1409	1560	1561	2503	2504	2505	3522	3523	4121	4435	4436	4900	4901	4902	5264	5265	6169	6517	6843	7002	7004	7219
299	3265	3388	3525	3742	3743	4179	4180	4181	4182	4183	4580	4581	5469	5879	5880	6154	6155	6189	6190	6940	7020	7021	7050
404	405	1558	3571	3946	3947	4428	4429	4903	5171	6386	7100	7394
2496	2648	3177	3423	3451	3755	4228	4446	4519	4561	4628	4691	4695	4697	5009	5010	5285	5481	5783	6037	6038	6163	6540	6541	6726	6902	6986	7081	7133	7622
3236	3882	4430	4481	4483	4484	4485	4486	4487	4489	4490	4748	4749	4750	5123	6236	6604	6657	6882
146	228	229	231	232	233	234	320	413	446	583	584	1053	1054	1055	1056	1057	1061	1065	1067	1068	1069	1092	1094	1095	1096	1097	1238	1241	1246	1250	1251	1253	1254	1602	1692	1874	2262	2363	2758	2759	2802	2916	2949	2950	2952	3040	3042	3086	3296	3352	3371	3372	3373	3374	3414	3554	3613	3614	3793	3796	3797	3798	3799	3909	3910	3911	3912	4023	4086	4087	4370	4371	4451	4452	4453	4646	4730	4731	4732	4733	4786	4815	5012	5013	5014	5233	5272	5273	5274	5350	5357	5395	5421	5464	5465	5466	5490	5491	5504	5505	5506	5564	5573	5641	5642	5722	5723	5741	5742	5743	5745	5884	5918	5919	5973	5974	5980	6043	6159	6171	6193	6201	6260	6294	6360	6410	6411	6428	6557	6591	6592	6629	6685	6849	6862	6976	6996	7005	7006	7406	7461	7479	7490
466	1306	1308	2080	2370	2604	2605	3333	4026	5367	6736	7108	7109	7110	7180
1965	1966	1967	1968	2751	3780	5543	6149	6331	6430	6431	7174	7243	7244	7281	7403	7474
1559	1703	2242	2243	2244	2317	2938	3437	3438	3440	3725	3726	3727	3728	3761	3762	4778	4845	4846	5061	5330	5362	5363	5364	5841	5975	5986	6284	6983	7009	7046	7464
9	130	179	1237	1375	1376	1377	1652	1653	1972	2073	2074	2371	3005	3006	3126	3319	3966	3967	3968	3969	3970	3971	4651	4964	5241	5831	5832	5904	6066	6094	6526	6528	7507
1590	1916	1918	3083	3084	3225	3654	3655	3656	3658	3659	3739	4409	4410	4411	4412	4851	5042	5043	5044	5045	5401	5508	5509	5734	6281	6467	6857	7335
1863	1864	3066	4932
698	3786	5443	5456	5457	6318	6319	6320	6442	7618
135	141	144	150	157	158	321	415	429	430	470	491	508	509	510	511	512	513	514	515	516	517	601	602	947	948	950	951	953	954	955	1052	1126	1130	1274	1573	1574	1575	1576	1577	1578	1682	1896	2005	2006	2007	2008	2334	2335	2336	2799	2831	2832	2833	2834	2927	2928	3000	3052	3054	3056	3062	3063	3064	3106	3187	3416	3769	3995	3996	3998	3999	4000	4002	4306	4944	4960	4996	5150	5159	5160	5161	5229	5230	5313	5314	5381	5775	5776	6040	6233	6266	6362	6717	6718	6719	6829	6830	6956	6975	7075	7161	7186	7257	7368
604	2063	2064	2065	2066	2067	2068	2841	2842	3732	3931	3932	4304	5193	5194	5195	5196	5340	5494	5507	5612	6001	6256	7466
187	190	193	522	524	528	912	1099	1101	1102	1103	1104	1107	1108	1109	1110	1112	1113	1114	1119	1122	1440	1718	2270	2273	2274	2275	2276	2279	2406	2965	2966	2983	3025	3186	3496	3497	3498	3756	3785	3787	3788	3875	3876	3879	3881	3915	3918	4065	4278	4295	4326	4327	4328	4380	4650	4714	4741	4990	4991	5146	5198	5476	5477	5478	5479	5501	5724	5739	5769	5772	5990	6079	6080	6219	6224	6225	6272	6387	6436	6489	6735	6739	6788	6797	6918	6998	7042	7055	7062	7245	7372	7453	7471	7529	7603
1490	1701	2985	3477	3478	5492	5496	5566	5798	6052	6053	6054	6055	6238	6663	7090	7435
2093	2720	2721	2722	2870	2872	2873	3905	3906	3907	4336	4337	4338	4393	4679	4751	5462	6596	6627	6636	7264	7367
486	719	1032	1336	1341	1342	1343	1344	1351	1356	1457	1458	1459	1460	1461	1464	1466	1467	1468	1469	2821	2822	3424	5090	5444	5445	5454	5793	6448	6449	6450	6967	7111	7428
1086	1087	1582	1584	1586	1829	1830	2193	5779	5978	7218
72	73	74	75	76	78	80	639	640	641	1215	2315	2846	3117	3433	4233	4571	5280	5281	5334	5335	5337	5338	5342	5343	6622
88	1208	1210	1530	1531	1532	1537	1539	1540	1543	1545	1549	1557	1865	1866	2118	2121	3077	3203	3491	3493	3617	3618	4037	4038	4540	4541	4706	4897	4899	4972	5103	5115	5116	5143	5144	6711	6782	7059	7206	7348	7409	7504
175	186	188	191	192	195	196	198	409	631	636	736	929	930	931	932	936	940	1106	1174	1790	1797	1798	2021	2228	2230	2231	2235	2489	2490	2742	2744	2948	2963	2968	2979	2980	3008	3009	3089	3101	3306	3307	3392	3393	3548	3830	3924	3925	3958	3959	3965	4066	4279	4495	4875	4876	4895	4896	5001	5006	5007	5122	5197	5438	5439	5440	5483	5510	5609	5655	5842	6062	6087	6359	6469	6470	6471	6502	6525	6585	6589	6590	6651	6733	6839	6881	6919	6953	7260	7420	7590	7596
62	1183	1184	1185	1187	1281	1282	1969	1970	1971	2323	2324	2325	3049	3050	3051	4500	4609	4955	5039	5072	5169	5453	6147	6298	6299	6529	6530	6531	6532	6605	7124	7125	7247	7574	7612
402	403	732	733	4466	4467	6484	7167	7562	7619
1084	1085	1735	1783	1784	2877	2878	3408	3555	3612	4257	4258	4482	5911	6063	6064	6065	6102	6104	6105	6126	6202	6203	6346	6455	6903	7117
1432	1436	1518	1519	1635	1681	3694	4163	4164	4367	4368	4369	4414	4506	6912
30	904	1289	1327	1422	1651	1901	1902	1903	1904	3350	3561	3758	4041	4043	4737	4738	4739	5148	5685	5686	6227	6228	6886	7518	7615
1915	2002	2003	2004
462	463	2394	2395	2404	2591	2592	3349	4396	4397	4398	4399	5191	6369	6374	6492	6863	6980	7392
11	598	937	1276	1978	2366	2388	2498	3012	3013	3015	3202	3710	3711	4067	4346	4348	4385	4386	4573	4574	4686	4818	4828	4931	5417	5681	5882	6161	6162	6226	6257	6426	6503	6511	6613	6621	6766	6767	7056	7091	7101	7102	7103	7250	7254	7468	7469	7563	7597
335	336	337	338	503	504	505	984	986	989	990	993	994	996	997	999	1000	1301	1302	1303	1496	1497	1649	1754	1814	2016	2017	2207	2428	2429	2430	2431	2432	2433	2434	2436	2437	2438	2439	2581	2829	2830	3096	3097	3099	3940	4042	4056	4155	4219	4403	4532	4791	5023	5062	5063	5064	5065	5418	5518	5590	5591	5639	5640	5719	5803	5814	5815	5817	5961	6081	6085	6241	6649	6838	6861	6935	6951	7112	7130	7131	7132	7164	7319	7427	7511	7570	7571
900	903	928	1029	1520	1521	1522	1523	1524	1525	1526	1527	1528	1529	1828	2022	2023	2387	2862	2863	2864	2865	2866	2868	3209	3210	3245	3537	4074	4101	4225	4670	4734	4735	4736	5286	5287	6197	6273	6593	6615	7358
297	298	300	301	302	589	590	1600	2125	2126	2127	2128	2129	2130	2131	2132	2133	2134	2135	2136	2137	2138	2139	2141	2142	2143	2144	2145	2146	2147	2164	2165	2180	2182	2183	2184	2310	2468	2469	2470	2471	2472	2473	2474	2475	2476	2477	2478	2479	2480	2573	2574	2575	2929	2930	2931	2932	2933	3137	3703	3704	3707	3962	3963	3972	3974	3975	3976	3977	3978	3980	3981	3982	4108	4243	4353	4444	4488	4539	5458	5459	5613	5614	5693	5752	5785	5786	5787	5788	5789	5790	5791	5792	5797	6083	6172	6173	6229	6245	6311	6312	6388	6443	6478	6483	6513	6563	6600	6617	6683	6775	6780	6884	6908	6909	6930	6955	6985	7106	7198	7234	7388	7410	7467
4	493	494	496	497	498	499	500	501	502	540	599	3616	3738	3990	4283	4618	4619	4807	5278	5536	5697	5825	5826	6036	6568	6773	7221	7222	7278
2396	2397	2398	2619	3222	3227	3228	3448	3449	3450	5665	5666	5700	5701	7552
170	249	251	253	256	324	326	340	342	343	345	347	348	561	566	843	846	848	851	864	867	869	1005	1006	1007	1008	1042	1043	1211	1268	1269	1270	1298	1299	1300	1536	1538	1541	1546	1548	1555	1641	1648	1707	1724	1727	1734	1740	1743	1751	1766	1767	1817	2053	2055	2110	2111	2114	2115	2117	2119	2122	2123	2124	2214	2422	2457	2460	2461	2462	2463	2466	2535	2745	2857	2897	3146	3147	3165	3338	3347	3368	3397	3398	3495	3503	3504	3541	3542	3594	3753	3837	3853	3991	4025	4235	4253	4458	4494	4542	4642	4705	4707	4935	4949	4979	5307	5400	5715	5726	5984	5985	6067	6068	6234	6239	6255	6305	6332	6464	6567	6670	6710	6716	6755	6765	6954	7007	7016	7327	7476	7537	7593	7621
479	7513
328	329	330	331	332	333	334	2070	2071	3041	3420	4719	4720	5094	5433	5581	5782	6244	6997	7001	7172
2018	2019	2020	3237	3238	3239	3240	3241	4600	4718	5671	6466
