240	241	242	243	244	245	246	247	248	1637	1638	1921	1922	1923	1981	1982	1983	1984	1985	1986	2106	2328	2329	2330	2331	2332	2333	2772	2773	2774	2776	2777	2778	2779	2780	2781	2782	2783	2784	2785	2786	3518	3593	3750	3751	3752	3772	3773	4565	4812	4813	4814	5032	6278	6279	6280	6296	6297	6354	6355	7031	7077	7184	7185	7240	7338	7462	7623
259	266	271	436	437	440	937	1049	1051	1631	1632	2097	2388	2391	2392	2498	3012	3013	3015	4385	5951	6258	6482	6607	6621	6737	7101	7102	7103	7250	7281	7415	7468	7469	7597
207	466	720	721	723	724	1159	1306	1308	2078	2079	2080	2082	2084	2085	2086	2370	2563	2604	2605	3333	3508	3509	3510	4026	4551	5242	5367	5819	5912	6338	6345	6736	7108	7109	7110	7180
204	236	237	238	390	391	392	393	394	395	396	397	399	400	401	585	586	670	671	887	973	974	975	977	978	1047	1189	1190	1191	1192	1193	1194	1195	1196	1197	1198	1642	1920	1988	2610	2736	2737	2740	2741	2768	2769	2770	2771	2839	3238	3377	3417	3421	3422	3457	3464	3466	3467	3486	3538	3539	3562	3606	3607	3608	3670	3688	3689	3691	3692	3693	3712	3713	3717	3718	3719	3721	4154	4290	4291	4292	4366	4476	4477	4521	4523	4524	4525	4527	4528	4529	4543	4802	4933	4934	5098	5120	5121	5135	5178	5182	5187	5252	5305	5534	5562	5563	5608	5624	5625	5635	5660	5671	5835	5868	6039	6253	6262	6301	6413	6422	6423	6427	6465	6481	6495	6496	6498	6499	6501	6509	6538	6612	6672	6673	6946	6957	6995	7018	7061	7154	7155	7262	7366	7454
66	167	168	169	171	172	173	174	224	225	239	250	255	257	343	345	346	349	441	442	558	559	560	562	563	564	565	567	653	654	655	656	666	837	838	840	841	845	847	849	852	853	854	855	857	861	862	863	865	867	869	942	992	995	1001	1005	1132	1298	1300	1320	1323	1326	1333	1451	1547	1550	1552	1553	1644	1645	1648	1678	1720	1724	1725	1726	1727	1728	1730	1732	1736	1737	1738	1742	1744	1746	1747	1753	1756	1757	1759	1761	1763	1765	1805	1906	1945	2039	2040	2056	2058	2101	2102	2103	2104	2105	2107	2109	2110	2112	2140	2208	2209	2210	2211	2213	2217	2238	2260	2266	2426	3038	3068	3143	3144	3148	3159	3255	3257	3336	3337	3338	3341	3345	3346	3396	3398	3402	3504	3564	3565	3754	3852	3854	3855	3858	3860	3861	3862	3863	3864	3989	4007	4009	4010	4018	4036	4037	4041	4043	4217	4271	4350	4417	4418	4438	4533	4627	4639	4640	4641	4677	4704	4792	4855	4913	4950	4951	4979	5126	5154	5310	5376	5409	5449	5450	5475	5514	5533	5599	5646	5663	5664	5668	5669	5718	5726	5979	5985	6041	6242	6313	6394	6405	6507	6510	6558	6560	6623	6624	6625	6750	6760	6779	6815	6818	6826	6828	6853	6854	7017	7028	7175	7203	7339	7340	7362	7384	7424	7519	7565	7576	7605
252	866	868	991	1231	1232	1233	1325	2118	2188	2297	2723	3491	3494	3511	3512	3513	4270	4441	4469	4470	4530	4531	4669	4897	4898	4917	4922	4948	5667	6086	6198	6652	6782	6984	7043	7044	7114	7206	7515
297	298	300	301	302	589	590	2125	2126	2127	2128	2129	2130	2131	2132	2133	2134	2135	2136	2137	2138	2139	2141	2142	2143	2144	2145	2146	2147	2164	2165	2180	2182	2183	2184	2310	2468	2469	2470	2471	2472	2473	2474	2475	2476	2477	2478	2479	2480	2573	2574	2575	2929	2930	2931	2932	2933	3137	3703	3704	3705	3707	3962	3963	3972	3973	3974	3975	3976	3977	3978	3980	3981	3982	4108	4243	4353	4444	4488	4539	5458	5459	5577	5578	5579	5613	5614	5693	5752	5785	5786	5787	5788	5789	5790	5791	5792	5797	6083	6172	6173	6229	6245	6311	6312	6388	6443	6478	6483	6513	6563	6600	6617	6683	6775	6780	6884	6908	6909	6930	6955	6985	7106	7198	7234	7388	7410	7467
870	2024	2029	2030	2032	2035	2036	2088	2094	2197	2198	2199	2200	2338	2339	2340	2342	2343	2344	2345	2346	2347	2348	2349	2350	2447	2607	2628	2871	3017	3079	3081	3082	3459	3520	4126	4127	4232	5959	5960	6326	6385	6570	6571	6581	6753	6754	6895	6969	6987	7010	7473	7568	7582
899	1294	1295	1296	1297	1324	1827	2374	2375	2376	2377	2378	2379	2380	2381	2382	2383	3452	3453	3454	3455	4019	4020	4021	4339	4842	4927	5535	5924	5983	6089	6246	6665	7135	7136
1534	1818	2565	2566	2567	2569	2738	2739	3308	3311	3514	3515	3534	3535	4230	4231	4272	4273	4274	4275	4439	4440	4984	4985	4986	5419	5472	5849	6730	6916	7351	7524	7527	7528	7594	7595
146	228	229	231	232	233	234	320	583	584	1053	1054	1055	1056	1057	1061	1065	1067	1068	1069	1092	1094	1095	1096	1097	1238	1241	1245	1246	1250	1251	1253	1254	1602	1692	1874	1875	2262	2759	2802	2916	2949	2950	2952	3040	3042	3086	3233	3323	3352	3371	3372	3373	3374	3414	3554	3613	3614	3793	3796	3797	3798	3799	3909	3910	3911	3912	4023	4048	4086	4087	4370	4371	4451	4452	4453	4646	4730	4731	4732	4733	4786	4815	5012	5013	5014	5233	5272	5273	5274	5393	5394	5395	5421	5464	5465	5466	5490	5491	5505	5506	5564	5573	5641	5642	5722	5723	5741	5742	5743	5745	5818	5884	5918	5919	5973	5974	5980	6043	6171	6260	6294	6410	6428	6557	6574	6575	6591	6629	6685	6849	6862	6976	6996	7005	7006	7013	7461	7490
3596	7445	7446	7447
1470	1471	1472	2051	2054	2116	2120	3302	3303	3304	3305	3394	5227	5691	6453	6454	6638	7026
462	463	850	2404	2423	2591	2592	3348	3349	3350	3351	3749	4869	5191	6369	6492	6980	7392
652	658	659	1098	1564	1565	1693	1694	1695	1951	2178	2179	2189	2190	2253	2546	2547	2585	3026	3027	3028	3029	3030	3569	4889	4890	4930	4961	5873	6060	6061	6860	6917	7436	7482	7566
2232	2484	2485	2486	2487	3923	4450	4652	4998	5000	5298	5299	5300	6088	6220	6382	6520	6922	6948	6989
350	351	352	353	355	356	360	506	507	546	549	661	662	663	665	667	668	669	672	734	1004	1156	1332	1535	1899	1900	1910	1911	1912	1913	1938	1939	1946	1947	1948	1950	1952	1953	1954	1955	1959	1960	1961	1964	2048	2050	2167	2168	2226	2227	2259	2491	2492	2493	2494	2571	2576	2577	2578	2579	2580	2582	2583	2584	2586	2817	2859	2909	2953	3004	3020	3021	3070	3073	3151	3456	3461	3603	3604	3605	3609	3610	3638	3668	3736	3737	3789	3790	3791	3792	3827	3831	3888	4138	4139	4140	4141	4142	4152	4171	4192	4193	4240	4256	4345	4401	4402	4404	4405	4406	4455	4456	4457	4459	4460	4522	4606	4654	4684	4761	4762	4810	4822	4892	4893	4924	4952	4953	4954	4973	4974	4975	4976	5048	5049	5050	5083	5110	5111	5112	5113	5130	5133	5149	5170	5234	5304	5326	5327	5328	5361	5374	5375	5405	5526	5527	5528	5529	5548	5549	5550	5555	5556	5557	5558	5559	5560	5585	5606	5717	5725	5740	5749	5854	5858	5881	5895	5921	5937	5997	6044	6059	6075	6084	6133	6150	6194	6195	6211	6275	6315	6390	6391	6415	6416	6429	6435	6505	6506	6512	6599	6601	6648	6703	6803	6804	6836	6898	6925	6971	6979	7037	7045	7058	7060	7084	7107	7159	7192	7195	7201	7223	7246	7258	7265	7266	7267	7268	7269	7270	7271	7272	7273	7274	7275	7276	7277	7365	7370	7407	7431	7432	7440	7441	7558	7585	7591
428	883	1064	1131	1579	1580	1987	1990	2041	2043	2045	2481	3168	3411	3533	3701	4094	4798	4829	4830	4832	4834	4836	4837	4838	4841	5470	5952	6058	6671	6768	6938	7525
3	6	195	197	198	409	518	519	636	913	936	1106	1206	1404	1405	1406	1407	1423	1789	1798	2228	2229	2230	2231	2233	2234	2235	2598	2742	2744	3196	3244	3830	3965	3984	4124	4125	4279	4300	4742	4743	4744	4745	4875	4876	5006	5007	5108	5197	5316	5438	5440	5510	5735	5736	5828	5830	6062	6087	6168	6187	6522	6585	6589	6590	6645	6776	6949	7095	7096	7097	7196	7334	7420	7590	7596
0	1	261	262	264	265	267	268	269	270	272	273	274	455	530	606	607	608	609	610	611	612	614	615	616	617	618	619	620	621	626	629	971	1166	1167	1168	1169	1170	1171	1498	1499	1589	1591	1592	1593	1594	1595	1596	1672	1673	1675	1677	1834	1835	1836	1837	1838	1839	1840	1841	1842	1843	1845	1846	1847	1848	1849	1850	1851	1868	1869	1870	1871	1872	2246	2247	2299	2300	2302	2303	2305	2306	2307	2308	2309	2321	2322	2636	2637	2638	2639	2640	2642	2643	2644	2645	2646	2755	2903	2908	2911	2954	2955	2956	3031	3032	3112	3113	3160	3161	3174	3175	3246	3274	3287	3318	3353	3354	3360	3361	3390	3432	3663	3664	3665	3666	3667	3810	3838	3839	3840	3841	3842	4013	4014	4015	4016	4017	4044	4052	4053	4054	4055	4080	4189	4191	4242	4280	4281	4343	4576	4577	4578	4616	4771	4772	4787	4811	4867	4874	4992	5037	5038	5047	5058	5059	5060	5086	5087	5192	5238	5239	5240	5303	5414	5415	5416	5582	5631	5650	5651	5652	5674	5692	5827	5963	6010	6034	6156	6248	6249	6392	6406	6407	6417	6418	6419	6439	6493	6573	6583	6616	6631	6688	6723	6724	6729	6856	6874	6891	6910	6944	6958	6959	6960	6974	7051	7092	7127	7128	7176	7194	7210	7237	7238	7383	7389	7411	7443	7530	7541
475	476	961	962	968	1587	1588	2175	2176	2177	2243	2601	2603	2893	2894	3249	3251	4298	4667	4668	4939	5067	5068	5256	5257	5258	5259	5260	5261	6361	6460	6461	6462	6831	6832
361	362	363	451	452	453	454	1671	1674	1676	2001	2245	2641	2647	2902	2904	2905	2906	2910	2912	2913	2914	2947	3444	3933	4011	4050	4051	4190	5237	5302	6014	6017	6018	6019	6020	6021	6022	7499
177	178	182	189	408	410	411	520	521	522	523	525	527	529	531	532	553	555	556	557	763	1078	1111	1449	1914	1915	1973	1974	2075	2272	2629	2630	2631	2632	2633	2634	2635	2765	2766	2767	2978	2981	2982	3003	3107	3108	3205	3242	3332	3524	3708	3709	3746	3807	3809	3811	3812	3813	3814	3815	3816	3883	4100	4198	4199	4200	4201	4340	4341	4342	4422	4423	4448	4449	4538	4711	4712	4713	4715	4716	5266	5430	5498	5739	5813	5885	5923	6073	6074	6079	6179	6328	6336	6468	6597	6598	6642	6771	6852	6873	6999	7230	7245	7399	7430	7472	7600	7602
186	192	631	736	940	1440	1797	2021	2098	2965	3008	3009	3208	3886	4066	4495	4818	4828	4931	5001	5145	5609	5842	6161	6162	6502	6503	6562	6613	6651	7056	7087	7254	7260	7429
164	3447
402	403	732	733	3801	4466	4467	6333	6484	7167	7345	7562	7619
1643	2427	2959	3199	3200	3426	3427	3471	3472	3629	3803	3806	6477	6727	6728	6901	6914	6972	7085	7213	7387	7579	7620
486	699	701	702	704	710	711	719	1335	1343	1345	1791	3544	4228	4823	4824	5200	5859	5909	5910	6176
8	176	1277	1278	3445	3446	3682	3683	3884	4161	4294	5478	5948	6436	6518	6527	7052	7053	7054
64	1442	1976	2277	2389	2403	2405	2408	2410	2626	2734	2735	3010	3176	3178	3258	3259	3339	3340	3744	3848	3849	3877	4068	4134	4135	4136	4384	4386	4490	4752	4773	4775	4790	4794	4983	5026	5027	5028	5029	5030	5123	5626	5627	5634	5655	5657	5834	5936	5992	6140	6142	6305	6321	6426	6792	6865	6866	7261	7320	7349	7359	7503	7578
2249	4372	4373	4374	4375	5210	5856	6875	7023
3157	3428	3429	3430	3431	6259	6534	6535	6536	6537
222	223	487	490	2942	2943	2944	2945	2946	4426	4699	4700	4701	4702	4703
1236	1237	1375	1376	1377	2073	2074	2371	3968	3969	3971	4431	5241	5904	7507
196	928	1026	1439	1977	2489	2826	2963	2968	3207	4432	4433	5080	5147	5417	5483	6045	6175	6919	6953	7352
603	604	945	1216	1410	1413	1414	1806	2063	2064	2065	2066	2068	2158	2841	2842	2888	2889	2890	2891	2892	3250	3732	3734	3845	3846	3931	3932	3941	3942	3953	3954	3955	4069	4304	4479	4480	4626	4759	4827	4905	5077	5335	5377	5493	5495	5497	5507	5612	6101	6243	6694	6695	6880	6962	7187	7402	7466	7535
59	1137	1142	1658	1659	1660	1661	2369	2898	2899	2900	2901	3170	3171	3172	3173	3441	3442	3443	3865	4172	4173	4174	4175	4508	4509	4510	4511	4512	4513	5052	5176	5177	5184	5219	5220	5221	5292	5746	5751	5820	5821	5822	6071	6337	6781	6864	6931	7139	7412	7551	7553
5003	5004	5794	5795	5796
359	3179	3180	3181	3182	3183	3184	3634	3635	3636	3637	3818	3819	3878	3919	3921	4072	4073	4254	4255	4394	4395	5811	5812	5935	6885	7522	7523	7575
528	908	2099	3023	3024	3025	3657	4194	5583	6389	6850	7341	7342
605	1088	1089	1090	1091	1815	1991	1992	1993	1995	1996	1997	1998	1999	2000	3127	3128	3624	4388	4389	4780	5024	5025	5243	5246	5329	5538	5546	5721	5896	7158	7190	7497
21	22	23	25	26	27	29	31	34	35	36	37	38	122	123	124	125	126	642	645	648	649	650	651	805	806	814	819	820	827	829	833	834	889	890	891	892	893	894	896	1033	1034	1035	1036	1289	1420	1421	1426	1568	1932	1933	1934	1935	2083	2356	2453	2454	2507	2511	2512	2513	2515	2790	3149	3218	3219	3288	3289	3290	3291	3292	3321	3322	3324	3325	3326	3328	3329	3435	3506	3784	3847	3926	3927	3936	3937	4049	4184	4475	4548	4633	4722	4767	4768	4938	5081	5109	5175	5295	5296	5382	5437	5617	5643	5644	5780	5905	5906	5977	5998	5999	6042	6196	6322	6323	6347	6420	6421	6476	6542	6835	6847	6947	7204	7205	7239	7350	7416
1273	4843	5215	5216	5757	6787	6814	7393
488	787	1148	1162	1163	1172	1173	1175	1176	1177	1178	1179	1180	1181	1452	1453	1454	1455	1686	3138	3139	3140	3141	3142	3948	3949	5729	5730	6821	7226	7227
477	478	480	481	482	483	568	570	571	856	1647	2159	2160	2203	2818	2819	2820	3641	3642	3643	4028	4029	4030	4031	4032	5153	5155	5156	6200	6693	7030	7160
92	93	94	95	96	97	98	99	100	101	102	103	104	105	106	107	108	109	110	111	112	113	114	115	116	117	118	119	120	121	427	535	536	537	572	576	582	737	738	739	740	742	743	744	745	746	747	748	749	750	751	752	753	754	755	756	757	758	759	760	761	762	764	765	767	768	769	770	771	772	773	774	775	776	777	778	779	780	781	782	783	784	786	788	789	790	791	792	793	794	795	796	797	798	1071	1072	1073	1572	2014	2261	2263	2264	2311	2649	2650	2651	2652	2653	2655	2656	2657	2658	2659	2660	2661	2662	2663	2664	2665	2666	2667	2668	2669	2670	2671	2672	2673	2674	2675	2676	2677	2678	2679	2680	2681	2682	2683	2684	2685	2686	2687	2688	2689	2690	2691	2692	2693	2694	2695	2696	2697	2698	2699	2702	2703	2704	2705	2706	2707	2708	2709	2710	2711	2712	2713	2714	2715	2716	2717	2718	2719	2835	2843	3215	3556	3557	3558	3559	3566	3639	3640	3686	3979	4162	4197	4302	4316	4321	4325	4387	4860	4861	5031	5092	5093	5206	5306	5431	5432	5544	5545	5580	5581	5704	5887	5888	5995	6057	6082	6166	6182	6213	6214	6215	6216	6217	6244	6329	6330	6516	6561	6608	6705	6709	6772	7168	7217	7326	7377	7405	7408	7487	7520	7526	7542
79	218	339	341	374	1630	2499	2500	2501	2844	2845	2847	2848	2850	2851	2852	2853	2887	3075	3076	3270	3730	3731	3952	4416	4910	5379	5670	5943	5962	6594	6889	7078
1125	2811	2812	3355	3356	3358	3563	3598	3676	3677	3678	3679	3680	3681	4176	4177	4178	4187	5552	5553	5554	5892	5893	6137	6138	6139	6452	7050	7156	7157	7211	7228
426	1127	1888	2241	2554	3266	3267	3279	3387	3389	3960	3961	4169	4170	4419	4568	4844	4969	5460	5699	5781	5784	5944	6029	6030	6031	6848	6900	6981	6982	7458
1585	1735	2258	2422	3077	3078	3612	3857	5645	6145	6146	6491	6932	7059	7197	7381	7537
703	705	707	708	709	712	713	714	715	716	718	1030	1337	1338	1339	1346	1347	1348	1349	1350	1352	1353	1354	1355	1357	1359	1463	1465	1473	1474	1475	1476	1477	1478	1479	1480	1481	1482	1792	1793	1794	1795	1796	1924	1925	1926	1927	3671	3672	3748	3820	3833	4226	4227	4229	4534	4536	5843	7363	7588
3145	3146	3154	3155	3473	3474	5212	6588
1186	3644	3645	3646	4347	5168	6819	7041
900	903	1029	1290	1291	1520	1521	1522	1523	1524	1525	1526	1527	1528	1529	1826	1828	2022	2023	2387	2862	2863	2864	2865	2866	2867	3210	3245	3536	3537	4074	4101	4224	4225	4245	4246	4247	4248	4249	4670	4734	4735	4736	5105	5217	5225	5226	5286	5287	5511	5512	5513	6197	6273	6586	6587	6593	6615	7358	7450
1032	1336	1342	1344	1351	1356	1457	1458	1459	1460	1461	1464	1466	1467	1468	1469	5444	5445	5454	5793	6967	7428
622	623	926	930	1262	1311	1312	1662	1790	1936	1937	3014	3090	3320	3573	3597	3651	3652	3653	3891	4129	4259	4301	4588	4903	4999	5005	5107	5117	5122	5209	5275	5315	5368	5378	5603	5604	5605	5656	5661	5675	5720	5732	5761	5829	5889	5903	5917	5946	5947	6047	6069	6148	6402	6525	6626	6654	6655	6684	6689	6690	6698	6699	6708	6777	6793	6859	6871	6921	7066	7088	7089	7115	7149	7193	7232	7253	7290	7291	7292	7293	7294	7295	7296	7297	7298	7299	7300	7301	7302	7303	7304	7305	7306	7307	7421
2002	2003	2004	2018	2019	2020	2358	2967	3185	3186	3236	3237	3240	3241	3756	3757	3879	3885	3887	4380	4430	4481	4483	4484	4485	4486	4487	4489	4748	4749	4750	6236	6466	6604	6656	6657	6881	6882	7062
30	456	457	458	904	1021	1327	1651	1901	1902	1903	2624	2625	3758	4737	4738	4739	5148	5190	5685	5686	6227	6228	6307	6664	7615
735	871	872	906	907	909	910	911	914	915	916	917	918	919	920	921	922	923	1070	1408	1430	1502	1503	1504	1610	1821	1822	1824	1975	2171	2271	2278	2384	2385	2895	3129	3130	3131	3132	3133	3134	3135	3136	3760	3774	3775	3903	4109	4110	4111	4112	4113	4114	4115	4116	4117	4118	4119	4120	4122	4123	4434	4740	5074	5435	5610	5611	5710	5716	5738	5837	5929	5956	6092	6134	6169	6643	6660	6696	6697	6877	6911	6943	7003	7219	7444	7470	7492	7493	7495	7533	7598
7	598	799	800	801	1276	1409	1560	1561	2503	2504	2505	3522	3523	3875	4121	4435	4436	4900	4901	4902	5264	5265	5724	6272	6517	6843	7002
325	335	336	337	338	660	842	844	981	982	983	984	985	986	988	989	990	993	996	997	998	1000	1002	1003	1301	1302	1303	1496	1497	1646	1649	1650	1721	1754	1905	2028	2186	2187	2207	2212	2216	2236	2237	2267	2268	2420	2421	2428	2429	2430	2431	2432	2433	2434	2435	2436	2437	2438	2439	2879	2880	3097	3221	3256	3817	3851	3859	3939	3940	4008	4042	4056	4075	4155	4156	4219	4403	4407	4532	4725	4791	4793	4915	5023	5066	5125	5214	5228	5255	5447	5518	5590	5591	5639	5640	5719	5814	5815	5816	5817	5845	5846	5861	5877	5931	5961	6070	6081	6085	6241	6353	6485	6519	6649	6650	6813	6817	6838	6861	6886	6941	6942	6951	7036	7112	7122	7130	7131	7132	7164	7319	7391	7413	7427	7511	7570	7571
2	5	12	179	1161	2365	2366	2828	3102	3195	3197	3710	3711	3759	3945	4067	4297	4346	4348	4573	4574	4690	4980	4981	4982	5681	5971	6003	6235	6237	6257	6511	6565	6766	6767	6867	7138
77	1559	1699	1703	1891	1892	1893	1894	2242	2244	2317	2934	2935	2936	2937	2938	2939	2941	3019	3437	3438	3440	3726	3761	3762	4778	4845	5061	5330	5362	5363	5364	5802	5841	6204	6205	6284	6983	7009	7046	7191	7464
1488	1490	1701	2985	3477	3478	5492	5496	5566	5798	6052	6053	6054	6055	6663	7090	7435
175	181	187	188	193	524	912	1101	1102	1103	1104	1107	1110	1112	1113	1114	1122	2270	2273	2274	2275	2276	2279	2406	2488	2490	2966	2980	2983	3101	3204	3206	3306	3307	3496	3497	3498	3745	3785	3787	3788	3832	3876	3882	3918	3924	3925	4065	4326	4328	4537	4650	4714	4741	5146	5476	5477	5479	5769	6224	6225	6359	6387	6469	6489	6628	6788	6998	7004	7042	7055	7372	7453	7471	7603
2539	2540	3158	5957	5958	6023	6267	6268	6700	7279	7280
185	464	465	467	468	879	880	881	882	1038	1039	1040	1041	1109	1234	1235	1358	1689	1723	2155	2372	2907	2921	2922	2940	3045	3091	3092	3401	3403	3404	3405	3406	3541	3542	3621	3673	3674	3675	3747	3824	3900	3901	3902	4024	4128	4146	4147	4195	4196	4266	4269	4471	4472	4491	4515	4516	4517	4518	4623	4624	4678	4681	4868	4870	4920	4921	4945	4946	5015	5016	5017	5055	5056	5057	5069	5070	5071	5101	5102	5157	5333	5339	5471	5488	5489	5586	5587	5588	5589	5649	5687	5688	5804	5805	5839	5840	5847	5870	5871	5872	5874	5875	5876	5913	5914	6024	6050	6051	6106	6107	6108	6349	6350	6356	6357	6514	6549	6550	6551	6572	6602	6603	6701	6702	6706	6707	6713	6714	6715	6761	6762	6763	6811	6812	7014	7015	7104	7163	7173	7178	7189	7208	7209	7252	7313	7314	7317	7318	7329	7344	7417	7478	7486	7494	7546	7589	7592	7610
275	285	289	292	1656	1657	4005	4022	5365	6721	6722
1885	1887	1889	2044	2148	2239	2240	2760	2918	3166	3169	3231	3264	3475	3476	3660	3661	3662	4092	4093	4520	4564	4610	4611	4831	4840	5104	5359	5360	5391	5392	5441	5442	5864	6395	6396	6397	6398	6399	6400	6401	6883	6952	6977	7166	7214	7331	7332	7364	7457	7609
83	84	85	86	88	1328	1329	1545	2269	2724	2725	2919	2920	2990	2991	3617	3618	4038	4758	4866	4918	4919	5002	5143	5144	5561	6640	7348
328	329	330	331	332	333	334	2070	2071	3041	3420	4719	4720	5094	5433	5782	6997	7001	7172
216	577	2701	3521	4911	5996	6451	6734	7599
191	316	317	1483	1484	1485	1486	1487	1663	1664	1665	1666	3100	3103	4320	5078	6342	6584	6644	6937	7113
170	249	251	253	254	256	324	326	327	340	342	347	348	561	566	657	843	846	848	851	859	864	1006	1042	1043	1044	1207	1208	1209	1210	1211	1268	1269	1270	1299	1495	1530	1531	1533	1536	1537	1538	1539	1540	1541	1543	1546	1548	1549	1555	1557	1641	1707	1719	1722	1729	1731	1733	1734	1739	1740	1741	1743	1749	1751	1766	1767	1768	1817	1865	1866	1904	2052	2055	2111	2114	2115	2117	2119	2121	2122	2123	2124	2214	2215	2456	2457	2459	2460	2461	2462	2463	2466	2535	2536	2537	2550	2551	2620	2621	2745	2746	2857	2897	3147	3162	3163	3165	3203	3347	3397	3400	3492	3493	3495	3503	3594	3753	3834	3835	3837	3853	3889	3991	4025	4088	4218	4235	4253	4265	4458	4494	4540	4541	4542	4642	4673	4680	4705	4706	4707	4935	4949	4971	4972	5103	5307	5400	5679	5715	5891	5984	6067	6068	6234	6239	6332	6464	6567	6667	6670	6710	6711	6716	6755	6765	6827	6851	6876	6954	6973	7007	7016	7079	7327	7409	7504	7516	7521	7538	7593	7621
569	574	575	578	580	4358	4682	4683	4765	4766	5455	6341	7500	7501
1084	1085	1562	1563	1783	1784	2877	2878	3408	4257	4258	4482	5672	5673	5713	5911	6063	6064	6065	6102	6103	6104	6105	6126	6346	6455	6903	7117	7241	7283	7284	7285	7286
138	155	160	162	166	282	323	424	469	470	484	491	492	1115	1147	1363	1370	1371	1373	1576	1682	2062	2799	2925	2970	2972	3002	3188	3190	3191	3235	3770	3771	3943	3992	3997	4004	4033	4034	4035	4306	4307	4310	4357	4468	4553	4566	4569	4906	5229	5297	5311	5366	5434	5575	5737	5774	5853	5855	5915	6167	6266	6269	6445	6554	7011	7039	7040	7076	7257	7419	7550
299	314	315	485	489	952	1059	1079	1080	1081	1082	1083	1621	1622	2195	2196	2729	2795	3065	3268	3517	3592	4148	4149	4150	4159	4160	4355	4572	4788	4789	4805	4806	4856	4857	5082	5151	5547	5618	5619	5682	5683	5727	5728	5801	5920	6006	6007	6232	6308	6309	6438	6579	6816	6822	6823	6855	6933	7047	7121	7162	7288	7315	7316	7322	7422
634	1441	1509	1510	1511	1512	1513	1606	1614	1633	1634	1635	1636	1802	1803	1804	1807	1808	1809	1811	1812	1940	1941	2038	2095	2351	2352	2353	2354	2407	2409	3001	3114	3280	3282	3724	3740	3741	3802	3890	3892	3893	3894	3895	3951	4367	4502	4636	4694	4966	5142	5424	5425	5426	5427	5428	5429	6135	6434	6751	6808	6912	6913	7065	7116	7386
89	90	91	127	129	131	258	260	263	407	591	592	635	700	924	925	927	938	1050	1417	1782	1799	1810	2151	2169	2287	2288	2290	2291	2292	2293	2294	2295	2411	2413	2414	2415	2416	2417	2418	2483	2608	2611	2612	2613	2614	2615	2730	2743	2761	2762	2763	2764	2881	2882	2957	2964	3011	3048	3198	3209	3247	3248	3532	3627	3628	3695	3696	3698	3699	3700	3768	3821	3822	4376	4585	4586	4589	4590	4591	4593	4594	4783	4858	4859	4968	5053	5100	5251	5267	5271	5332	5632	5633	5678	5711	5712	5851	5970	5976	6008	6009	6093	6170	6188	6283	6414	6504	6686	6691	6692	6720	6791	6899	6906	6907	6915	6939	6990	7049	7091	7105	7129	7152	7259	7282	7369	7385	7396	7423	7425	7505	7580
364	365	366	367	368	371	372	373	375	376	377	379	380	381	382	383	384	385	613	625	628	873	874	875	876	877	878	1305	1712	1844	1852	1853	1854	1855	1856	2089	2090	2185	2400	2441	2442	2443	2444	2445	2446	2448	2449	2450	2451	2452	2752	2753	2756	2757	2860	2861	2883	2884	2885	2886	3104	3105	3335	3550	3551	3552	3553	3735	3782	3800	4236	4379	4415	4454	4505	4554	4848	4849	4850	4940	4941	4943	5079	5088	5089	5317	5318	5319	5320	5321	5322	5323	5324	5325	5487	5565	5648	5698	5964	5965	5967	5968	5969	6035	6181	6186	6327	6547	6595	6609	6869	6950	7070	7147	7148	7229	7248	7323	7534	7540
967	2836	2984	2986	2987	2988	2989	3499	3500	3501	3733	4656	4657	4658	4659	4660	4661	4726	4727	4993	5402	5684	5702	5703	6764	6991	7207	7255	7256	7414
133	139	152	153	156	230	319	322	413	414	422	423	443	446	956	957	1063	1066	1093	1227	1244	1247	1249	1252	1255	1256	1257	1258	1368	1623	1685	1688	2285	2286	2482	2758	2798	2807	3269	3296	3407	3415	3543	3555	3611	3706	3904	4143	4144	4165	4166	4287	4309	4334	4442	4443	4644	4647	4648	4914	5173	5350	5353	5355	5357	5422	5423	5446	5504	5574	5647	5654	6056	6157	6201	6202	6203	6295	6360	6411	6412	6553	6592	6630	6641	6704	7086	7324	7325	7479	7484	7531	7567	7573
1281	1282	2323	2324	3956	4462	4498	4500	4955	4956	5039	5072	5760	6531	6532	6605	7124	7125	7439	7612
404	405	1105	1558	2042	2301	3365	3571	3914	3946	3947	4145	4428	4429	4671	5171	5172	6386	6576	6839	6840	6841	6842	6844	6845	6846	7100	7394
208	579	725	726	727	728	729	730	731	884	886	888	1330	1415	1416	1949	1956	1958	1962	1963	2025	2026	2027	2037	2166	2367	2440	2545	2548	2549	2994	3022	3067	3069	3071	3072	3074	4057	4058	4059	4153	4299	4463	4600	4603	4604	5095	5127	5128	5129	5131	5132	5134	5136	5137	5138	5180	5181	5183	5185	5186	5883	6306	6878	7019	7434	7514
550	1917	1989	3386	3462	3479	4241	4260	4461	4526	4709	5141	5223	5825	5857	5869	6121	6668	6870	7033	7118
1212	1213	1224	1225	1942	1943	1944	3388	3525	4643	5036	5469	5879	5880	6189	6190	6940	7489	7548
1062	1226	1242	1780	2059	2731	2733	2791	2792	2793	4222	4223	5352	5576	6032	6141	6159	6193	6582	7287	7406
1532	2053	2467	2794	3193	3194	3778	3985	3986	3987	3988	4899	7165
135	141	144	150	157	158	321	415	508	509	510	511	512	514	515	516	517	601	602	947	948	950	951	953	954	955	1052	1126	1129	1130	1683	2005	2006	2007	2008	2334	2335	2336	2831	2832	2833	2834	3000	3052	3054	3055	3056	3058	3061	3062	3063	3064	3106	3187	3416	3983	3993	3994	3995	3996	3998	3999	4000	4002	4944	5150	5159	5160	5161	5230	5313	5314	5381	5775	5776	6040	6233	6362	6717	6718	6719	6829	6830	6956	6975	7075	7161	7186	7368
70	71	673	1188	2747	2748	2749	2750	3230	3283	3284	3285	3286	4544	4545	4579	4809	5174	5932	6725
44	48	1697	1785	1786	1787	1788	1857	1859	2282	2283	2995	2996	3018	3649	3650	3944	4060	4061	4062	6251	6252	6543	6544	6992	7073	7182	7572
675	682	684	690	693	2100	2821	2822	3424	4916	5090	5770	6448	6449	6450	6548	7111	7133	7134
4437	5166	5167	7012	7333	7555	7577
1750	1758	1762	2057	2393	2813	3095	3399	3776	3777	4039	4040	4079	4244	4322	4324	4504	5164	5344	5345	5346	5347	5348	5383	5384	5744	5890	5991	6048	6049	6177	6178	6810	6858	6894	7082	7308
65	69	81	82	305	706	987	1158	1279	1280	1965	1966	1967	2076	2087	2092	2502	2619	3080	3217	3222	3223	3224	3227	3252	3561	4063	4064	4081	4082	4083	4084	4359	4474	4630	4763	4764	4769	4873	5073	5249	5369	5371	5380	5665	5666	5700	5766	5767	5768	5809	5878	5901	5902	5916	5972	6000	6149	6363	6364	6365	6366	6367	6368	6370	6371	6372	6373	6375	6376	6378	6379	6380	6381	6383	6384	6555	6820	6868	7034	7035	7123	7174	7243	7244	7371	7474	7518	7604	7617
472	473	474	1597	1598	1599	1858	2993	3630	3631	3632	3633	3684	4012	4595	5584	5733	6091	7556	7557	7616
435	438	439	897	898	901	902	2386	2627	2868	2969	4095	4096	4097	4098	4099	4390	4774	5268	5484	5938	5950	5953	5954	5955	6174	6285	6424	6425	6458	7032
1590	1916	1918	3083	3084	3225	3739	4409	4410	4411	4412	4851	5042	5043	5044	5045	5508	5509	5734	6281	6857	7335
3654	3655	3656	3658	3659	3697	5401	6467
11	939	3201	3202	4746	5907	5908	6945	7188
4912	5637	5638
2975	2976	2977	3366	3367	4929	5201	5202	5203	5204	5205
4	493	494	496	497	498	499	500	501	502	540	597	599	3616	3738	3990	4283	4618	4619	5536	5697	5826	6036	6568	6773	7221	7222	7278
128	184	630	633	638	823	1022	1023	1025	1027	1028	1445	1447	1448	1566	1567	1604	1607	1611	1612	1613	1654	1655	1667	1668	1813	2149	2150	2289	2419	2506	2824	2825	2875	2876	2896	2958	2960	3007	3281	3418	3419	3505	3529	3530	3531	3545	3546	3547	3549	3579	3804	3808	3917	3950	4163	4164	4335	4413	4414	4506	4582	4592	4672	4760	4819	4854	4965	5179	5279	6005	6033	6191	6208	6463	6666	6677	6738	6740	6741	6742	6743	6744	6745	6746	6747	6748	6749	6789	6794	6795	6796	6799	6800	6801	6879	7057	7063	7328	7442	7463	7475
142	1617	1618	2915	2917	3212	3828	3829	4835	4886	4994	4995	4996	4997	5091	5810	5862	5863	6231	6533
3928	3929	3930	6472
199	200	201	202	203	2597	2800	4645	4839	5158	5269	5270	6300
1434	1669	1670	1708	1709	1713	1715	1755	1969	1970	1971	2113	3037	3039	3098	3334	3362	3363	3369	3370	4130	4131	4351	4352	4942	5033	5262	6255	7346	7476	7539	7613
211	212	213	1380	1381	1382	1383	1384	1385	1386	1387	1388	1389	1390	1391	1392	1393	1394	1395	1396	1397	1398	1399	1400	1401	1402	1403	2280	2281	3043	3044	3046	3519	3567	3568	3922	4282	4599	4781	4782	4908	4909	5046	5118	5119	5676	5799	5939	6490	6566
1505	1506	1507	1508	3357	3769	5519	5520	6964	6978
183	190	526	1020	1099	1108	1118	1119	1121	1443	1450	1717	1718	3881	3915	3916	4278	4327	5198	5199	5480	5501	5772	5990	6080	6219	6230	6564	6735	6739	6797	6918	7529
1009	1010	1011	1012	1013	1014	1015	1016	1017	1018	1019	1310	3293	3294	3297	3298	3299	3301	4492	4493	4795	5407	5408	5410	5411	5694	5695	5771	6136	6218	6240	6661	7375
283	1800	1801	1928	1929	2161	2162	2265	2555	2558	2559	2560	3085	3087	3088	3263	3375	3599	3600	3729	4003	4070	4071	4205	4206	4207	4208	4209	4210	4211	4213	4214	4215	4216	4631	4666	4816	5011	5018	5539	6015	6183	6184	7126
61	62	63	67	68	1045	1048	1183	1184	1185	1187	1322	2077	2325	2390	3049	3050	3051	3253	3254	3870	4132	4609	4754	4755	4756	4757	5169	6298	6299	6529	6530	6559	6646	7247	7559	7574
28	32	33	39	214	215	632	637	643	644	646	647	722	802	803	804	807	808	809	810	811	812	813	815	816	817	818	821	822	824	825	826	828	830	831	832	835	895	1024	1100	1120	1259	1260	1261	1418	1419	1422	1424	1425	1427	1428	1429	1431	1436	1437	1438	1491	1492	1605	1608	1609	1615	2033	2096	2355	2412	2455	2508	2509	2510	2514	2594	2595	2596	2823	2827	2992	3036	3047	3216	3220	3243	3271	3278	3327	3436	3507	3526	3527	3528	3685	3694	3763	3764	3765	3766	3767	3805	3899	3934	3935	3938	3964	4045	4089	4267	4268	4276	4277	4293	4349	4354	4368	4369	4424	4425	4496	4507	4634	4653	4710	4721	4723	4724	4747	4797	4887	4904	5124	5250	5600	5601	5602	5925	5926	6002	6004	6164	6261	6282	6377	6473	6474	6475	6494	6606	6611	6674	6675	6676	6678	6679	6680	6790	6798	6966	7048	7336	7337	7361	7376	7397	7398	7404	7481	7483
221	2093	2720	2721	2722	2870	2872	2873	3905	3906	4336	4337	4338	4499	4679	4751	5462	6165	6596	6627	6636	7264	7367
554	929	931	932	1174	2948	2979	3089	3548	3595	3958	3959	4895	4896	5008	5439	6470	6471	6733
1365	1890	2011	2012	2013	2700	3059	3232	3234	3391	3823	3825	3826	3850	5551	5708	5709	6432	6508	6757	6758	6759	7231	7554	7561
219	277	279	284	294	1773	2218	2219	2220	2221	2222	2223	2224	2225	2424	2425	2562	2589	2590	2775	3376	4317	4318	4319	4329	4330	4331	4478	4637	5231	5276	5277	5436	5747	5748	6352	6924	7025	7169	7171	7606
836	943	944	1007	1008	2606	2618	2622	2623	3368	3589	3590	3591	4261	4262	4263	4264	4625	5213	5420	6090	6287	6289	6290	6291	6292	7312	7347	7395
226	227	1267	1321	1696	1702	2153	2154	2156	2157	2312	2314	2316	2319	2320	5245	5247	5331	6223	6324	6325	7024	7437	7438
5620	5621	5622	5623	6769	6770	7506	7614
303	304	306	307	308	309	310	311	312	313	587	588	674	677	679	681	685	687	692	3872	3873	3874	5290	5467	5468	5677	6072	6479	6577	6778	6805	6806	7137	7220	7426	7512	7583	7608
429	430	581	885	1309	1518	1519	1573	1574	1575	1577	1578	1625	1679	1680	1681	1684	1896	1897	2654	2927	2928	3276	3897	3898	3908	4356	4570	4596	4877	4878	4879	4880	4881	4882	4883	4884	4885	5463	6192	6212	6344	6610	6682	6731	6732	6920	7098	7099	7321	7452	7601
40	41	386	387	388	389	695	1340	1341	1462	3192	3871	4185	4186	4464	4465	5289	5291	5731	6206	6459	6807	7067
1581	1886	2926	4562	4563	4799	4800	4894	5571	7532
9	130	210	1652	1653	1972	3126	3319	3966	3967	3970	4651	4964	5831	5832	6066	6094	6526	6528
1271	1274	1624	1626	1627	1628	1629	2364	3272	3273	3277	4555	4556	4557	4558	4663	4664	4960	6896	6897	7064
1769	1770	1771	1772	1774	1775	1776	1777	1778	1779	1781	2069	6343	7418
548	1145	1569	1571	1619	1620	1930	1931	3156	3265	3742	3743	4179	4180	4181	4182	4183	4514	5019	5690	5844	5945	6154	6155	7020	7021	7072	7140	7141	7142	7143	7144	7145
19	45	46	47	49	50	52	56	60	75	1133	1134	1135	1136	1138	1139	1140	1141	1143	1144	1146	1199	1200	1201	1202	1203	1204	1205	1214	1217	1218	1219	1220	1221	1411	1412	1514	1515	1516	1517	1570	1698	1700	1704	1705	2067	2172	2173	2315	2326	2327	2368	2923	2924	3115	3116	3118	3119	3120	3121	3434	3896	4333	4360	4361	4362	4363	4364	4365	4400	4559	4825	4826	4846	4947	5051	5301	5312	5337	5340	5750	5865	5986	5994	6160	6185	6238	6263	6264	6265	6408	6409	6437	6552	6622	6712	6923	7027
698	2396	2397	2398	3228	3448	3449	3450	3451	3755	3786	5009	5010	5443	5456	5457	5701	6318	6319	6320	6726	6902	7552	7618
206	1314	1315	1863	1864	2081	3066	3239	4381	4382	4383	4601	4602	4923	4932	5218	5308	5309	5388	5389	5390	5988	5989	6132	6486	6662	7491
479	593	594	595	596	1316	1317	1318	1319	1873	1876	1877	1878	1879	1880	1881	1882	1883	1884	3211	3213	3214	4635	6286	7513
1361	1500	1501	1600	1603	1819	1820	1823	1825	3843	3844	4090	4091	5765	6618	6637	7038	7179	7509	7510
132	134	136	137	140	143	145	148	149	151	154	159	161	163	165	235	318	412	416	417	419	420	421	447	513	551	552	741	946	1058	1239	1240	1243	1687	1690	2796	2797	2801	2803	2804	2805	2806	2808	2809	2810	3053	3057	3060	3261	3262	3300	3410	3413	3425	3702	4006	4427	4567	4676	5140	5152	5162	5351	5356	5358	5777	6144	7212	7233	7451	7488
220	1149	1150	1151	1152	1153	1154	1155	1456	1752	2204	2205	2206	3295	4104	4105	4106	4107	4796	5207	5208	5537	6288	6433	6634	7083	7146	7544	7560
1710	1711	1714	2602	3226	3330	3331	4587	4620	4692	5054	5987	6124	6888	6970	7480	7496
42	43	418	941	1435	1639	1640	2181	2593	2849	4284	4285	4286	4957	4958	4959	5041	5499	5500	5516	5517	6639	6647	7459	7460
2599	2600	4133	6016	6653	7235	7236	7382	7465
1283	1284	1285	1286	1287	1288	3578	3580	3581	3582	3583	3584	3585	3586	3587	3588	4296	4583	4584	5502	5852	5894	6270	6271	6521	6524	6965
72	73	74	76	78	80	639	640	641	958	959	960	963	964	965	966	969	970	1215	1489	1895	2846	3117	3433	3439	3619	4233	4571	4852	5280	5281	5293	5294	5334	5338	5341	5342	5343	5515	5525	5659	6351	6441	6802	6833	7153	7251	7373	7374	7508
2313	5193	5194	5195	5196	5494	6001	6256
1116	1117	2091	2256	3913	4220	4221	4717	4718	4967	5522	5523	5524	5658	5838	5940	5941	5942	6837	7485
933	934	935	1292	1293	3601	4546	4632	5020	5021	5022	5886	5966	7068	7069
2516	2517	2518	2519	2520	2521	2522	2523	2524	2525	2526	2527	5232	5336	5773
344	600	839	858	860	1493	1494	1542	1551	1554	1556	1583	1616	1706	1745	1748	1760	1764	1816	1867	2108	2174	2191	2192	2194	2257	2296	2298	2304	2373	2458	2464	2528	2529	2530	2531	2532	2533	2534	2538	2541	2542	2543	2544	2564	2568	2570	2572	2587	2588	2814	2815	2816	2854	2855	2856	3109	3110	3111	3150	3164	3167	3309	3310	3342	3343	3344	3364	3395	3516	3602	3836	4027	4076	4077	4078	4151	4203	4204	4234	4251	4252	4408	4503	4597	4598	4674	4753	4928	4936	4970	5075	5076	5096	5115	5116	5163	5165	5236	5448	5485	5486	5592	5593	5594	5696	5714	5753	5754	5755	5778	5833	5836	5848	6254	6334	6335	6393	6403	6404	6515	6633	6635	6687	6774	6892	6893	6988	6993	6994	7000	7029	7074	7120	7181	7448	7449	7543	7569	7611
1831	1832	1833	4001	6658	6968	7151
14	1031	1263	1264	1265	1378	1379	1994	2318	2874	3359	4629	5244	5981	5982	7119	7224	7378	7379	7545	7587
13	15	16	17	18	20	51	53	54	55	57	58	1979	1980	2015	3647	3648	4497	4547	4962	4963	5899	6834	7433	7502	7564
147	217	276	278	280	281	286	287	288	290	291	293	295	296	425	444	445	448	449	471	766	785	1060	1164	1165	1182	1222	1223	1228	1229	1230	1248	1272	1275	1360	1362	1364	1366	1367	1369	1372	1374	1601	1691	1716	2060	2061	2361	2362	2363	2561	2726	2727	2728	2732	2869	2971	2973	2974	3189	3275	3409	3412	3560	3794	3795	4046	4047	4103	4188	4250	4303	4305	4308	4311	4312	4313	4314	4315	4377	4378	4392	4552	4801	4853	4907	4977	4978	5211	5253	5597	5598	5628	5800	5806	5807	5808	5823	5866	5927	6143	6158	6302	6303	6304	6358	6444	6539	6872	7080	7093	7094	7183	7216	7289	7309	7330	7343	7380	7549
354	357	358	495	538	539	541	542	543	544	545	547	664	1037	1331	1334	2049	2163	3463	3957	4167	4168	4344	4420	4421	4501	4605	4607	4617	4638	4655	4708	4807	4808	4891	4926	5040	5085	5097	5099	5114	5235	5278	5288	5372	5373	5850	5860	6012	6013	6180	6274	6276	6556	6569	6783	6784	6785	6786	6887	6890	6963	7357
459	460	1157	1160	1304	1307	2248	2250	2251	2252	2284	3312	3313	3314	3315	3316	3317	3460	3907	4085	4393	4535	4871	4872	5284	5370	5451	6209	6210	7008	7225
3093	3094	4580	4581	4833	5385	5386	5387	5461	5572	6480	6669	6681	7200
369	370	378	624	627	1432	1968	2046	2047	2399	2401	2402	2751	2754	3779	3780	3781	3783	4784	4785	4847	5521	5543	5595	5596	5653	5824	5867	5898	5930	5993	6207	6331	6348	6430	6431	7071	7403	7477	7607
980	1046	2031	2034	2201	2202	2337	2609	2787	2998	3016	3540	3575	3615	3715	3867	4391	4698	5139	5928	6118	6340	6497	6500	6756	7022	7150
431	432	433	434	461	573	2009	2010	2552	2553	2616	2617	2788	2789	4770	4820	4821	5403	5404	5406	5540	5541	5542	6247	6580	7215	7249	7581
180	194	1444	1446	1544	1860	1861	1862	1978	2170	3005	3006	3392	3393	3502	4202	4295	4675	4685	4686	4687	4688	4689	4693	4696	4990	4991	5567	5882	6226	6446	6904	7360	7390	7400	7401	7563
1266	3620	3622	3623	3625	3626	4157	4158	4549	4550	5473	5474
1957	2152	2858	5034	5035	5452	5453	6147	6926	6927	6928	6929
87	1907	1908	1909	2465	3033	3034	3035	3122	3123	3125	3714	4612	4613	4614	4615	4665	5263	5705	5706	5707	5949	7498
24	676	678	680	683	686	688	689	691	694	696	697	1898	2495	2496	2497	2648	3152	3153	3177	3423	4445	4446	4447	4519	4560	4561	4628	4691	4695	4697	4925	4937	5285	5481	5615	5616	5680	5783	6037	6038	6163	6250	6310	6316	6317	6339	6442	6456	6457	6540	6541	6986	7081	7242	7456	7536	7622
503	504	505	994	999	1814	2016	2017	2581	2829	2830	3096	3099	4323	5062	5063	5064	5065	5418	5803	6935
6151	6152	6153
533	534	1128	2557	2951	4102	4212	4332	4862	4863	4864	4865	4888	5084	5354	5396	5397	5398	5399	5922	6619	6620	6809	7311
1433	2556	3260	3725	3727	3728	5975	6545	6546	6824	6825	7170	7517
1086	1087	1582	1584	1586	1829	1830	2193	3124	3669	3856	4137	4621	4622	5254	5779	5978	6487	6488	6523	7218
717	1074	1075	1076	1077	1313	2254	2255	2357	2359	2360	3229	4473	5188	5189	5530	5531	5532	5758	5759	5762	5763	5764	5897	6046	6199	7547
5412	5413	7310
905	2394	2395	3920	4396	4397	4398	4399	5106	5629	5630	5756	6221	6222	6277	6374	6863	6936	7202	7353	7354	7355	7356
4728	4729	4776	4777	4779	5282	5283	5568	5569	5570	5689	5900	6632	6961
10	205	209	398	406	972	976	979	1123	1124	1919	2072	2341	2837	2838	2840	2961	2962	2997	2999	3378	3379	3380	3381	3382	3383	3384	3385	3458	3465	3468	3469	3470	3480	3481	3482	3483	3484	3485	3487	3488	3489	3490	3570	3572	3574	3576	3577	3687	3690	3716	3720	3722	3723	3866	3868	3869	4237	4238	4239	4288	4289	4575	4608	4662	4803	4804	4817	4987	4988	4989	5222	5224	5248	5349	5482	5503	5607	5636	5662	5933	5934	6025	6026	6027	6028	6076	6077	6078	6109	6110	6111	6112	6113	6114	6115	6116	6117	6119	6120	6122	6123	6125	6127	6128	6129	6130	6131	6293	6314	6440	6447	6578	6614	6752	6934	7177	7199	7263	7455	7586
450	949	3880	4649	6011	6095	6096	6097	6098	6099	6100	6659	6905	7584
