10	398	972	976	979	980	1123	1124	1917	1919	1920	2201	2202	2341	2609	2787	2837	2838	2840	2961	2962	2997	2998	2999	3378	3379	3380	3383	3384	3385	3421	3422	3458	3468	3470	3480	3481	3482	3483	3484	3485	3487	3488	3489	3570	3572	3573	3574	3575	3576	3577	3615	3687	3690	3715	3716	3720	3866	3868	3869	4237	4238	4239	4288	4289	4291	4292	4526	4575	4662	4709	4803	4804	4817	4818	4828	4931	4987	4988	4989	5141	5222	5223	5224	5248	5349	5503	5607	5636	5825	5928	5933	5934	6025	6026	6027	6028	6076	6077	6078	6109	6111	6113	6114	6115	6116	6117	6118	6119	6120	6122	6123	6125	6127	6128	6129	6130	6131	6293	6314	6440	6447	6578	6614	6752	6756	6934	7033	7177	7199	7263	7455	7586
1706	1750	1758	1762	2051	2052	2116	2120	2296	2393	2815	2816	3362	3400	4024	4039	4040	5102	5164	5227	5383	5384	5691	5890	5891	6453	6454	6894	7026	7197
0	1	266	271	530	615	626	1169	1593	1834	1835	1836	1837	1838	1839	1840	1841	1842	1843	1845	1847	1848	1849	1850	1851	1868	1870	1871	1872	2046	2047	2246	2247	2301	2399	2402	2755	3160	3161	3274	3287	3318	3353	3354	3390	3432	3838	3839	3840	3841	3842	4080	4191	4281	4576	4578	4616	5037	5038	5058	5059	5087	5414	5595	5596	5650	5674	5867	5963	6207	6248	6249	6348	6406	6407	6583	6631	6688	6729	6958	7092	7389	7415	7530
99	105	119	120	737	738	740	747	748	760	768	770	771	776	787	792	1071	1072	1073	2649	2658	2662	2665	2669	2671	2672	2677	2683	2687	2697	2702	2713	2714	2717	2835	3557	3558	4698	5092	5093	5431	5432	5704	6516	7217	7487	7526
42	43	374	418	941	1435	2181	2500	2501	2593	2594	2595	2844	2845	2846	2849	2850	2851	3075	3076	4284	4285	4286	4957	4958	4959	5041	5292	5499	5500	5943	6647	7078	7459	7460
297	298	300	301	302	589	590	1600	2125	2126	2127	2128	2129	2130	2133	2134	2135	2136	2137	2139	2141	2142	2143	2144	2145	2146	2147	2164	2165	2180	2182	2183	2184	2310	2468	2470	2471	2472	2473	2474	2475	2476	2477	2478	2479	2480	2573	2574	2575	2929	2930	2931	2932	2933	3137	3702	3703	3704	3706	3707	3962	3963	3974	3975	3976	3977	3978	3981	4108	4243	4353	4444	4539	5458	5459	5613	5614	5693	5785	5786	5787	5788	5789	5790	5791	5792	5797	6083	6172	6173	6245	6311	6312	6388	6443	6478	6483	6513	6563	6600	6683	6775	6780	6884	6908	6909	6930	6955	7106	7198	7234	7388	7410	7467
8	176	914	1110	1277	1278	2358	2967	2983	3185	3186	3445	3446	3682	3683	3756	3757	3884	4161	4294	4328	4380	5146	5478	5948	6436	6518	6527	6735	7052	7053	7054	7062
359	2092	3149	3179	3180	3181	3182	3183	3635	3636	3637	3818	3819	3878	3919	3920	3921	4254	4255	4394	4395	4973	5168	5935	6885	7575
1283	1284	1285	1286	1287	1288	2975	2976	2977	3366	3367	3578	3580	3582	3583	3584	3585	3586	3588	4583	4584	4620	5201	5202	5203	5204	5205	5502	5852	5894	6270	6271	6463	6521	6524	6888	6965
252	991	1231	1232	1233	2297	3511	3512	3513	4441	4469	4470	4530	4531	4917	5667	6086	7043	7044
206	208	550	579	725	726	727	728	729	730	731	888	1330	1415	1416	1949	1956	1958	1962	1963	1989	2025	2026	2027	2037	2166	2440	2545	2548	2549	2994	3022	3067	3069	3071	3072	3074	3241	3607	4057	4058	4059	4241	4299	4461	4463	4600	4601	5095	5127	5128	5129	5132	5134	5136	5137	5138	5181	5185	5186	6306	6466	6878	7019	7118	7514
66	167	168	169	172	173	174	224	225	239	250	257	346	349	558	559	563	565	567	653	656	666	837	838	847	849	852	853	854	857	861	862	992	1333	1451	1726	1732	1757	1763	1805	1945	2040	2102	2103	2105	2112	2209	2210	2211	2238	2260	2266	2422	2426	3068	3255	3336	3337	3345	3541	3542	3852	3854	3858	3861	3862	4007	4009	4010	4018	4036	4037	4351	4352	4418	4533	4627	4639	4640	4641	4855	4950	4951	5154	5449	5450	5475	5514	5599	5646	5669	5718	5770	5979	6242	6313	6394	6507	6510	6558	6560	6623	6624	6625	6750	6760	6779	6815	6818	6853	6854	7175	7203	7339	7340	7384	7424	7519	7537	7576	7605
1109	3497	4266	4269	6602	6603	6811	6812	7208	7209	7313	7314	7471
69	2077	2390	4474	4754	4755	4756	4757	5767	6646
900	903	1029	1520	1521	1522	1523	1524	1525	1526	1527	1528	1529	1828	2022	2023	2387	2862	2863	2864	2865	2866	2868	3209	3210	3245	3537	4074	4224	4225	4670	4734	4735	4736	5286	5287	6197	6273	6615	6936	7358
62	1183	1184	1185	1187	2324	2325	3049	3050	3051	4132	4609	5169	6298	6299	6529	6530	6531	6532	6605	7247	7574
836	943	944	2623	3589	3590	4261	4262	4263	4264	4322	4323	4324	4625	5213	5420	5744	6090	6166	6289	6290	6291	6292	6373	6858	7312	7347	7395
698	3786	5443	5456	5457	6318	6319	6320	6419	6442	7618
133	139	147	423	443	444	445	447	448	449	766	956	1062	1063	1093	1164	1165	1227	1230	1242	1247	1248	1360	1368	1601	1626	1627	1629	1691	1780	2059	2060	2285	2286	2361	2362	2364	2482	2561	2700	2727	2731	2732	2792	2793	2807	2869	3407	3409	3543	3795	3904	4001	4222	4223	4309	4334	4442	4443	4556	4557	4558	4644	4648	4905	5173	5352	5355	5576	5807	5808	5823	5927	6032	6056	6141	6157	6158	6385	6539	6630	6641	6757	6758	6759	7080	7086	7151	7216	7287	7330	7343	7484	7531	7549	7554	7573
92	93	94	95	96	97	98	100	101	102	103	104	106	107	108	109	110	111	112	113	114	115	116	117	118	121	427	535	536	537	572	576	582	739	742	743	745	746	749	750	751	752	753	754	755	756	757	758	759	761	762	764	765	767	769	772	773	774	775	777	778	779	780	781	782	783	784	786	788	789	790	791	793	794	795	796	797	798	1572	1639	1640	2014	2261	2263	2264	2650	2651	2652	2653	2655	2656	2657	2659	2661	2663	2664	2666	2667	2668	2670	2673	2674	2675	2676	2678	2679	2680	2681	2682	2684	2685	2686	2688	2689	2690	2691	2692	2693	2694	2695	2696	2698	2699	2703	2704	2705	2706	2707	2708	2709	2710	2711	2712	2715	2716	2718	2719	2843	3215	3556	3559	3566	3639	3640	3686	4162	4197	4302	4316	4321	4387	4860	4861	5031	5306	5544	5545	5679	5887	5888	5995	6057	6082	6182	6213	6214	6215	6216	6217	6329	6330	6561	6608	6639	6705	6709	6772	7168	7326	7377	7405	7408	7520	7542
128	184	633	638	823	1020	1023	1027	1028	1120	1121	1428	1445	1448	1567	1604	1607	1611	1612	1613	1654	1667	1668	1813	2096	2506	2823	2824	2825	2896	2958	3281	3418	3419	3436	3526	3530	3531	3545	3546	3549	3579	3803	3808	3917	3950	4335	4359	4368	4369	4388	4389	4413	4582	4747	4760	4965	5250	5279	5602	6208	6377	6738	6740	6741	6743	6744	6745	6746	6747	6748	6749	6789	6794	6795	6796	6800	6801	6879	7057	7063	7361	7404	7463	7475
474	1281	1282	1597	1598	1599	2647	4012	4595	4955	4956	5584	5733	6091	6092	7495	7556	7557	7616
1489	2841	2842	3437	3438	3439	3440	3619	3762	4233	4845	5293	5294	5339	5659	5871	6802	7009	7046	7153	7344	7373	7374
61	63	67	68	1045	1048	1322	2237	3253	3254	3341	3870	6559	7559
3596	7445	7446	7447
12	937	1161	2365	2366	2403	2405	2408	2498	3012	3178	3339	3340	3710	3711	4067	4068	4346	4348	4385	4386	4573	4574	4983	5115	5116	5634	5681	5905	5906	5971	6142	6161	6162	6235	6237	6257	6426	6511	6621	6766	6767	7101	7103	7250	7320	7359	7468	7469	7597
404	405	1558	3571	3946	3947	4428	4429	4903	5171	5172	6386	7100	7394
2271	5620	5621	5622	5623	6769	6770	7012	7506	7614
138	155	162	166	276	278	280	281	285	286	287	288	290	291	293	295	296	425	469	471	492	1060	1147	1222	1223	1228	1229	1271	1272	1275	1362	1363	1366	1367	1369	1370	1372	1374	1624	1628	1630	1716	2061	2726	2728	2970	2972	2973	2974	3059	3188	3189	3235	3272	3275	3560	3771	3794	3943	3992	4004	4005	4022	4034	4035	4047	4188	4250	4303	4305	4307	4308	4310	4311	4312	4313	4314	4315	4357	4377	4378	4392	4552	4553	4801	4853	4977	4978	5211	5253	5297	5311	5366	5446	5597	5598	5628	5774	5800	5806	5853	5855	5915	6269	6302	6303	6304	6358	6444	6445	6872	7011	7183	7289	7380	7419	7550
72	73	74	76	78	80	639	640	641	958	959	960	963	964	965	966	969	970	1215	1488	3117	3732	4570	4571	4852	5338	5341	5342	5343	5507	5515	5525	6441	6833	7251	7508
2940	5015	5016	5017	5847	7014	7317	7318
597	600	1011	1494	1616	1748	1818	1867	2194	2257	2529	2564	2565	2566	2567	2568	2569	2738	2739	3308	3309	3311	3343	3395	3514	3515	3516	3534	3535	4076	4203	4204	4230	4231	4252	4272	4273	4274	4275	4408	4440	4597	4598	4753	4984	4985	4986	5075	5076	5419	5472	5479	5592	5593	5594	5753	5754	5833	5849	6145	6146	6393	6404	6491	6515	6687	6730	6774	6916	6932	6988	6994	7000	7029	7074	7120	7181	7351	7448	7449	7524	7527	7528	7569	7594	7595	7603
1125	3355	3356	3358	3676	3677	3678	3679	3680	3681	4176	4177	4178	4187	4212	5892	5893	6137	6138	6139	6278	6452	7156	7157	7211	7228
262	270	453	455	607	609	611	617	1672	1673	1675	2001	2245	2309	2637	2640	2903	2911	2912	2914	3112	3113	3361	4015	4017	4050	4053	4054	4189	4190	4487	4771	4772	5060	5192	5240	5303	6573	6910	7051	7194	7443
1294	1295	1296	1297	1827	2374	2375	2376	2377	2378	2379	2380	2381	2382	2383	3452	3453	3454	3455	4019	4020	4021	4339	4842	4927	5535	5924	5983	6089	6246	6374	6665	7135	7136	7354
142	1617	1618	2915	2917	3212	3828	3829	4306	4835	4886	4994	4995	4996	4997	5084	5091	5810	5862	5863	6231	6266	6533
292	1274	2971	3273	3277	3412	4555	4663	4664	4960	5365	5866	6721	6722	6896	6897	7039	7040	7064
871	872	2788	2789	4688	4770	6580	6601	7444	7470
19	45	49	50	52	56	75	1141	1144	1199	1202	1203	1204	1205	1214	1217	1218	1220	1412	1514	1515	1698	1700	1704	1705	2172	2173	2326	2327	2368	2923	3115	3116	3118	3434	4333	4360	4363	4364	4365	4479	4825	4826	4827	5301	5312	5334	5335	5337	5750	6185	6408	6622
350	351	352	353	355	356	358	360	506	507	542	546	549	661	662	663	664	665	667	668	669	672	734	1004	1156	1331	1332	1535	1899	1900	1910	1911	1912	1913	1938	1939	1946	1947	1948	1950	1952	1953	1954	1955	1957	1959	1960	1961	1964	2048	2049	2050	2152	2163	2167	2168	2226	2227	2259	2491	2492	2493	2494	2571	2576	2577	2578	2579	2580	2582	2583	2584	2585	2586	2817	2858	2859	2909	2953	3004	3020	3021	3070	3073	3151	3456	3461	3463	3603	3604	3605	3609	3610	3638	3736	3737	3789	3790	3791	3792	3827	3888	3889	3956	4138	4139	4140	4141	4142	4152	4167	4171	4192	4193	4240	4256	4344	4345	4401	4402	4404	4405	4406	4455	4456	4457	4459	4460	4501	4522	4606	4654	4655	4684	4708	4761	4762	4810	4891	4892	4893	4924	4952	4953	4954	4961	4974	4975	4976	5039	5048	5049	5050	5083	5085	5099	5110	5111	5112	5113	5130	5133	5149	5170	5234	5304	5326	5327	5328	5372	5374	5375	5526	5527	5528	5529	5548	5549	5550	5555	5556	5557	5558	5559	5560	5585	5606	5717	5725	5740	5749	5850	5854	5857	5858	5860	5873	5881	5883	5895	5921	5937	5997	6044	6075	6121	6133	6150	6194	6195	6211	6275	6315	6390	6391	6415	6416	6429	6435	6485	6505	6506	6512	6556	6567	6569	6599	6648	6650	6668	6703	6778	6786	6803	6804	6836	6890	6898	6925	6926	6927	6928	6929	6971	6979	7037	7045	7060	7084	7107	7159	7192	7195	7201	7223	7246	7258	7265	7266	7267	7268	7269	7270	7271	7272	7273	7274	7275	7276	7277	7357	7365	7370	7431	7432	7439	7440	7441	7482	7512	7558	7566	7585	7591
77	79	1201	1559	1699	1703	1891	1892	1893	1894	1895	2242	2244	2317	2499	2934	2935	2936	2938	2939	2941	3018	3019	3725	3726	3727	3728	3761	4778	5330	5362	5363	5364	5379	5689	5802	5841	5975	6284	7191	7464
3465	3469	3490	3722	3723	3738	4608	5482	5662	6773
6813
477	478	480	481	482	483	568	570	571	856	1647	2159	2160	2203	2818	2819	2820	3641	3642	3643	4028	4029	4030	4031	4032	5153	5155	5156	7030	7160
699	701	702	703	704	705	707	708	709	710	711	712	713	714	715	716	718	719	1030	1335	1337	1338	1339	1343	1344	1345	1346	1347	1348	1349	1350	1352	1353	1354	1355	1357	1359	1463	1465	1473	1474	1475	1476	1477	1478	1479	1480	1481	1482	1791	1792	1793	1794	1795	1796	1924	1925	1926	1927	3544	3671	3672	3748	3820	3833	4226	4227	4229	4534	4536	4823	4824	5200	5843	5859	5909	5910	6176	6383	7259	7363	7588
132	136	137	140	143	145	148	149	151	153	154	159	160	161	163	164	165	217	235	318	319	323	412	414	416	417	419	420	421	424	551	741	785	1058	1182	1239	1240	1255	1371	1373	1623	1685	1687	1688	1690	2796	2801	2804	2805	2806	2809	3057	3060	3300	3410	3413	3447	3983	4006	4676	4906	4907	5152	5162	5351	5356	5358	5434	5575	5777	6143	6144	6167	6553	7093	7094	7212	7233	7309	7451	7488
1084	1085	1735	1783	1784	2877	2878	3408	3555	3612	4257	4258	4482	5911	6063	6064	6065	6102	6104	6105	6126	6202	6203	6346	6455	7117
219	275	277	279	284	289	294	1773	1776	1778	2218	2219	2220	2221	2222	2223	2224	2225	2424	2425	2562	2589	2590	2775	4317	4318	4319	4329	4330	4331	4478	4637	4802	5231	5276	5277	5436	5747	5748	6352	6924	7025	7169	7171	7606
2063	2064	2065	2068	3931	3932	5340	5612	6238	6264	6437	7466
528	799	800	801	2099	3023	3024	3025	3654	3655	3656	3657	3658	3659	4471	4472	4491	5401	5583	6389	6467	6850	7341	7342	7494
216	220	577	1149	1150	1151	1152	1153	1154	1155	1452	1453	1454	1456	1752	2204	2205	2206	3065	3236	3295	3521	4104	4105	4106	4107	4481	4483	4484	4485	4489	4490	4795	4796	4911	5123	5207	5208	5537	5996	6136	6288	6433	6634	6734	7083	7146	7544	7560	7599
4912	5637	5638
7	735	906	907	908	909	910	911	915	916	917	918	919	920	921	922	923	1070	1408	1502	1503	1504	1610	1821	1822	1824	1975	2171	2278	2384	2385	2895	3129	3130	3131	3132	3133	3134	3135	3136	3760	3774	3775	3903	4109	4110	4111	4112	4113	4114	4115	4116	4117	4118	4119	4120	4123	4194	4434	4740	5074	5435	5716	5738	5837	5929	5956	6134	6660	6696	6697	6877	6911	6943	7492	7493	7533	7598
40	41	303	304	306	307	308	309	310	311	312	313	386	387	388	389	587	588	674	675	676	677	678	679	680	681	683	684	685	686	687	688	689	690	691	692	693	694	695	696	697	1462	1898	2100	2495	2497	3192	3871	3872	3873	3874	4185	4186	4464	4465	4560	4916	4925	4937	5289	5290	5291	5467	5468	5615	5616	5677	5731	6072	6206	6250	6310	6339	6459	6479	6548	6577	6805	6806	6807	7067	7134	7137	7220	7242	7426	7456	7536	7583	7608
2249	3152	3153	4372	4373	4374	4375	4445	4447	5210	5856	6875	7023
364	365	366	367	368	369	370	371	372	373	375	376	377	378	379	380	381	382	383	384	385	613	624	625	627	628	873	874	875	876	877	878	933	934	935	1031	1305	1436	1712	1844	1852	1853	1854	1855	1856	2185	2400	2401	2441	2442	2443	2444	2445	2446	2448	2449	2450	2451	2452	2751	2752	2753	2754	2756	2757	2860	2861	2883	2884	2885	2886	3104	3105	3334	3335	3550	3552	3553	3779	3781	3782	3783	3800	4236	4379	4415	4454	4505	4554	4784	4785	4847	4848	4849	4850	4940	4941	4942	4943	5020	5021	5022	5079	5088	5089	5317	5318	5319	5320	5321	5322	5323	5324	5325	5487	5521	5565	5648	5653	5698	5824	5886	5898	5930	5964	5965	5966	5967	5968	5969	5993	6035	6181	6186	6364	6547	6595	6609	6869	6950	7068	7069	7070	7071	7147	7148	7229	7248	7323	7477	7534	7540	7607
344	839	858	860	1044	1493	1534	1542	1554	1556	1583	1585	1729	1745	1749	1760	1764	1768	1816	1817	1865	2108	2174	2191	2192	2215	2258	2269	2298	2304	2311	2373	2458	2464	2528	2530	2531	2532	2533	2534	2538	2541	2542	2543	2544	2550	2570	2572	2587	2588	2814	2854	2855	2856	3078	3109	3110	3111	3150	3162	3164	3167	3310	3342	3344	3364	3492	3602	3836	4027	4077	4078	4079	4151	4234	4251	4439	4503	4674	4866	4928	4936	4970	5096	5163	5165	5236	5448	5485	5486	5645	5696	5755	5778	5836	5848	6254	6334	6335	6403	6633	6635	6667	6851	6892	6893	6993	7058	7079	7538	7543	7611
1224	1942	1943	1944	3592	4643	6232	6308	6309	6855	7315	7316	7422
46	47	60	1133	1134	1135	1136	1138	1139	1140	1143	1146	1200	1219	1221	1516	2067	2924	3119	3120	3121	3896	4304	4362	4559	4656	4846	4947	4993	5051	5865	5986	5994	6101	6160	6265	6923	7027
23	34	37	122	123	124	125	126	642	645	648	649	650	651	805	806	814	820	827	833	834	889	890	891	892	893	894	896	1033	1034	1035	1036	1932	1933	1934	1935	2083	2356	2454	2507	2511	2513	2515	2790	3219	3288	3289	3290	3291	3292	3321	3322	3324	3325	3326	3329	3435	3506	3784	3926	3927	3936	4049	4475	4548	4722	4767	4768	4938	5081	5109	5295	5296	5382	5617	5643	5682	5683	5780	5926	5998	5999	6042	6196	6322	6323	6347	6420	6476	6542	6947	7113	7204	7205	7239	7416
462	463	2284	2394	2395	2591	2592	2734	2735	3258	3259	3349	4396	4397	4398	4399	4868	4869	4870	5191	5626	5627	6369	6492	6863	6980	7104	7392
1059	1066	3269	3323	4046	4048	4914	5461	6574	6575
1689	3091	3092	4963	5488	5489	5870	5872	6263	6349	6350	6351	6552	7610
3093	3094	3145	3146	3148	3154	3155	3473	3474	4350	4581	4833	5212	5385	5386	5387	5572	6480	6588	6669	6681	7200
70	71	673	1188	2747	2748	2749	2750	3230	3283	3284	3285	3286	4524	4544	4545	4579	4809	5174	5932	6725	7407
185	450	879	880	881	882	949	1498	3879	3880	3882	4430	4486	4649	4748	4749	4750	6011	6095	6096	6097	6098	6099	6100	6236	6656	6657	6658	6659	6882	6905	7584
556	634	1440	1441	1443	1447	1450	1509	1510	1511	1512	1606	1614	1633	1634	1636	1802	1803	1804	1807	1808	1809	1812	1940	1941	2033	2038	2095	2351	2352	2353	2354	2407	3114	3280	3282	3724	3740	3741	3802	3890	3892	3893	3894	3951	4502	4507	4636	4685	4694	5142	5424	5425	5426	5427	5428	5429	6135	6434	6751	6808	6913	7116
2131	2132	2138	2469	3972	3980	3982	4488	5752	6229	6617	6985
3357	5519	5520	6964	6978
9	1234	1235	1236	1237	1375	1376	1377	1652	1653	1972	2074	2371	2826	2827	3126	3966	3967	3968	3969	3971	4128	4431	4432	4433	5241	5904	6066	6528	7352	7507	7589
88	1545	3221	3617	3618	4038	5143	5144	7348
486	682	1032	1336	1340	1341	1342	1351	1356	1457	1458	1459	1460	1461	1464	1466	1467	1468	1469	2821	2822	3424	4628	5090	5444	5445	5454	5793	6448	6449	6450	6456	6457	6967	7111	7428
898	899	905	1290	1291	1826	2867	3536	4245	4246	4247	4248	4249	4390	5105	5106	5217	5225	5226	5511	5512	5513	5629	5630	5950	6106	6107	6108	6221	6222	6277	6586	6587	6593	7202	7353	7355	7356	7450
1978	3587	3697	4296	4297	4690	5603	5604	5605	5882	6003	6654	6655	7138
426	552	1127	1888	2239	2241	2554	2733	3261	3262	3266	3267	3279	3387	3388	3389	3960	3961	4169	4170	4419	4568	4844	4969	5460	5699	5781	5784	5944	6029	6030	6031	6159	6848	6900	6981	6982	7406	7458
211	212	213	1380	1381	1382	1383	1384	1385	1386	1387	1388	1389	1390	1391	1392	1393	1394	1395	1396	1398	1399	1400	1401	1402	1403	2280	2281	3043	3044	3046	3519	3567	3568	3922	4282	4599	4781	4782	4908	4909	5046	5118	5119	5676	5799	5939	6490	6566
226	227	939	1038	1039	1040	1041	1243	1266	1267	1314	1315	1321	1358	1378	1379	1432	1434	1518	1519	1831	1832	1833	1969	1970	1971	2081	2113	2314	2318	2467	2599	2600	2794	2937	2985	3184	3193	3194	3201	3359	3369	3370	3401	3403	3404	3405	3406	3428	3429	3430	3431	3477	3478	3620	3621	3622	3623	3625	3626	3673	3674	3675	3747	3778	3985	3987	3988	4072	4073	4130	4131	4133	4195	4196	4549	4550	4621	4622	4629	4923	5003	5004	5055	5056	5057	5101	5218	5245	5254	5308	5309	5333	5388	5389	5390	5391	5392	5412	5413	5473	5474	5610	5611	5687	5688	5794	5795	5796	5804	5805	5839	5840	5907	5908	5981	5982	6016	6050	6051	6052	6054	6055	6132	6151	6152	6153	6204	6205	6259	6324	6325	6356	6357	6514	6523	6534	6535	6536	6537	6549	6550	6551	6653	6662	6706	6707	6713	6714	6715	6903	6912	6945	6968	7015	7024	7119	7163	7165	7178	7188	7224	7235	7236	7310	7329	7331	7332	7364	7382	7437	7438	7465	7478	7546
1754	2372	3940	4155	4156	4678	5586	5587	5588	5589	6649	7130	7132
51	2153	2155	2157	3647	3648	4497	5899	6223	7173	7502	7564	7592
1500	1501	3843	3844	4090	5765	6637	7509	7510
146	228	229	231	232	1053	1054	1055	1056	1057	1061	1065	1068	1094	1095	1238	1241	1251	1692	1875	2011	2013	2262	2363	2759	2916	2949	2950	2952	3042	3086	3233	3352	3371	3372	3373	3374	3391	3414	3611	3614	3793	3796	3798	3799	3825	3909	3912	4023	4087	4370	4371	4451	4452	4453	4730	4731	4732	4733	5012	5013	5014	5233	5272	5273	5274	5393	5394	5395	5464	5465	5466	5490	5491	5505	5506	5564	5573	5641	5642	5722	5723	5741	5745	5818	5919	5973	5974	5980	6043	6260	6294	6410	6411	6428	6557	6591	6592	6849	6862	6976	6996	7005	7006	7231
4	354	493	494	495	496	497	498	499	500	501	502	538	539	540	541	543	544	545	547	599	1037	1334	3479	3616	3739	3957	3990	4168	4283	4420	4421	4605	4607	4617	4618	4619	4638	4807	4808	4926	5040	5097	5114	5235	5278	5288	5373	5536	5697	5826	6012	6013	6036	6180	6274	6276	6568	6783	6784	6785	6870	6887	6963	7221	7222	7278
488	1148	1162	1163	1172	1173	1175	1176	1177	1178	1179	1180	1181	1455	1686	3138	3139	3140	3141	3142	3949	5729	5730	6821	7226	7227
1137	1142	1658	1659	1660	1661	2892	2898	2899	2900	3865	5176	5177	5184	5493	5773	6071	6251	6931	7139	7551	7553
59	2369	2901	3170	3171	3172	3173	3441	3442	3443	4172	4173	4174	4175	4508	4509	4510	4511	4512	4513	5052	5219	5220	5221	5746	5820	5821	5822	6337	6781	6864	7412
3045	4623	4624	5157	5913	5914
1086	1087	1582	1584	1586	1829	1830	2193	4437	5166	5167	5779	5978	7218	7333	7555	7577
2921	2922	3900	3901	3902	6701	6702	7189	7252	7417
32	90	406	407	700	925	1022	1292	1293	1544	1635	1655	1782	1799	1810	1811	2288	2291	2294	2409	2411	2413	2414	2416	2419	2483	2957	2959	2960	3005	3006	3007	3048	3198	3529	3601	3629	3696	3698	3699	3700	3768	3804	3806	3895	4367	4414	4506	4546	4592	4632	4672	4675	4687	4693	4854	4966	4968	5175	5251	5332	5632	5633	6005	6008	6009	6188	6283	6414	6477	6504	6666	6686	6691	6692	6727	6728	6791	6799	6901	6914	6972	6990	7049	7385	7387	7425	7442	7579	7620
554	929	931	932	1936	1937	2002	2003	2004	2948	2979	3014	3089	3090	3595	3597	3958	3959	4692	4895	4896	5008	5762	6124	6470	6471	7230	7600
24	2396	2397	2398	2496	2648	3176	3177	3228	3423	3448	3449	3450	3451	3755	4228	4438	4446	4519	4535	4561	4691	4695	4697	5009	5010	5285	5481	5665	5666	5680	5700	5701	5783	6037	6038	6163	6316	6317	6540	6541	6726	6902	6986	7081	7133	7552	7622
251	254	256	327	340	347	657	659	846	851	859	1006	1042	1043	1207	1208	1209	1210	1211	1270	1495	1530	1531	1532	1533	1536	1537	1538	1539	1540	1541	1543	1548	1549	1551	1555	1557	1641	1707	1719	1722	1731	1733	1739	1741	1743	1751	1767	1866	2114	2115	2117	2119	2121	2122	2123	2214	2456	2457	2459	2461	2466	2535	2536	2537	2551	2620	2745	2746	2857	2897	3077	3147	3203	3397	3493	3495	3834	3835	3837	3857	3991	4088	4218	4235	4265	4458	4540	4541	4642	4673	4706	4707	4935	4971	4972	5103	5400	5714	5715	5984	6067	6068	6200	6234	6239	6464	6693	6710	6711	6716	6755	6765	6782	6876	6954	6973	7007	7016	7059	7206	7381	7409	7504	7516	7521
1273	2654	2701	2811	2812	3563	4843	5215	5216	5552	5553	5554	5757	6451	6787	6814	7393
2	5	11	179	195	316	317	631	636	736	926	936	1407	1797	1798	2021	2235	2742	2828	2980	3009	3195	3197	3202	3759	3945	4066	4686	4743	4744	4745	4746	4980	4981	4982	5001	5197	5510	5842	6087	6226	6359	6503	6525	6565	6584	6585	6613	6867	6881	6919	7056	7254	7260	7453	7563	7590
357	431	432	433	434	459	461	573	2009	2010	2552	2553	2616	2617	3386	4820	4821	4822	5034	5035	5361	5403	5404	5405	5406	5540	5541	5542	6010	6247	7215	7249	7581
1005	1007	1008	2140	2618	2619	2621	2622	3037	3039	3368	3591	4677	5214
464	465	467	468	503	504	505	2016	2017	2404	2581	2829	2830	2907	3096	3099	5061	5062	5063	5064	5065	5418	5471	5961	6024	6572	6935	6983	7486
717	1074	1075	1076	1077	1313	1328	1329	2254	2255	2357	2359	2360	3229	4473	4829	4830	4837	4918	4919	5002	5188	5189	5530	5531	5532	5758	5759	5764	5897	5952	6046	6058	6199	6640	7547
4381	4382	4383	4602	5988	5989	6486	7491
180	188	940	1026	1444	1513	1860	1861	1862	1977	2073	2097	2170	2388	2489	2968	3010	3013	3015	3242	3330	3885	3886	3887	3916	4201	4202	4696	5145	5147	5417	5567	6175	6562	6904	6953	7091	7360	7386	7390	7400	7401
218	1309	1424	1425	1433	1438	2848	2853	3260	3270	3547	3694	4157	4158	4910	5179	5670	5953	5962	6594	6731	6732	6824	6825	6889	7517
533	534	4102	4332	4862	4863	4864	4865	4888	5354	5396	5397	5398	5399	5922	6619	6620	6809	7311
186	194	630	1025	1430	1431	2149	2150	2289	2415	2875	2876	3226	3392	3393	3505	3891	4163	4164	4276	4277	4279	4495	4689	5609	6033	6191	6230	6282	6502	6526	6610	7065	7420	7480
222	223	487	490	2942	2943	2944	2945	2946	4426	4427	4699	4700	4701	4702	4703
2539	2540	2606	3158	3348	3351	3551	4462	5760	5957	5958	6023	6267	6268	6287	6700	7279	7280
2323	4500	5072	5452	5453	6147	7102	7124	7125	7612
1562	1563	5672	5673	5713	6103	7241	7283	7284	7285	7286
2484	2485	2486	2487	3923	4122	4450	4998	5000	5298	5299	5300	5440	6088	6220	6382	6484	6520	6643	6921	6922	6989
199	200	201	202	203	2597	2797	2800	2803	2808	4645	4839	5158	5269	5270	6300
548	1569	1571	1619	1620	1930	1931	3156	3157	5945	7072
4728	4776	4777	4779	5568	5569	5570	5900	6632
240	241	242	243	244	245	246	247	248	1105	1637	1638	1921	1922	1923	1981	1982	1983	1984	1985	1986	2042	2072	2106	2328	2329	2330	2331	2332	2333	2772	2773	2774	2776	2777	2778	2779	2780	2781	2782	2783	2784	2785	2786	3365	3517	3518	3593	3750	3751	3752	3772	3773	3914	4145	4565	4671	4812	4813	4814	5032	6279	6280	6296	6297	6354	6355	6576	6840	6841	6842	6844	6845	6846	7031	7077	7184	7185	7240	7338	7462	7623
30	1289	1327	1422	1651	1901	1902	1903	3350	3581	3758	4737	4738	4739	5148	5685	5686	6084	6227	6228	7615
1643	2427	3199	3200	3426	3427	3471	3472	7085	7213
4146	4147	4945	4946
1186	2256	3644	3645	3646	3913	4347	4967	5522	5523	5524	5940	5941	5942	6819	6837	7485
177	178	182	189	190	410	411	520	521	522	523	524	525	526	527	529	531	532	553	555	557	763	1078	1099	1101	1103	1104	1111	1112	1113	1118	1119	1122	1449	1717	1718	1914	1915	1973	1974	2098	2272	2275	2276	2488	2629	2630	2631	2632	2633	2634	2635	2765	2766	2767	2978	2981	3001	3003	3107	3108	3205	3206	3332	3496	3498	3524	3708	3709	3746	3807	3809	3811	3812	3813	3814	3815	3816	3881	3883	3915	4100	4198	4199	4200	4295	4326	4327	4340	4341	4342	4422	4423	4448	4449	4537	4538	4650	4711	4712	4713	4715	4716	4990	4991	5198	5199	5266	5430	5498	5501	5739	5769	5772	5813	5885	5923	5954	5990	6073	6079	6080	6179	6218	6219	6224	6225	6328	6336	6468	6564	6597	6598	6642	6771	6788	6792	6797	6852	6873	6918	6998	6999	7042	7144	7245	7372	7399	7430	7472	7529	7578	7602
21	22	25	26	27	28	29	31	33	35	36	38	39	183	214	215	632	637	643	644	646	647	722	802	803	804	807	808	809	810	811	812	813	815	816	817	818	819	821	822	824	825	826	828	829	830	831	832	835	895	1024	1100	1259	1260	1261	1418	1419	1420	1421	1426	1427	1429	1437	1491	1492	1566	1568	1605	1608	1609	1615	2355	2412	2453	2455	2508	2509	2510	2512	2514	2596	2992	3036	3047	3216	3218	3220	3243	3271	3278	3327	3328	3507	3528	3685	3763	3764	3765	3766	3767	3805	3847	3899	3934	3935	3937	3938	3964	4045	4089	4184	4267	4268	4278	4293	4349	4354	4424	4425	4496	4633	4634	4653	4710	4721	4723	4724	4797	4819	4887	4904	5124	5600	5601	5644	5925	5977	6002	6004	6261	6421	6473	6474	6475	6494	6606	6611	6674	6675	6676	6677	6678	6679	6680	6742	6790	6798	6835	6847	6966	7048	7328	7336	7337	7376	7397	7398	7481	7483
175	181	187	191	192	193	196	408	912	1102	1106	1107	1108	1114	1174	1439	1486	1487	1663	1664	1665	1666	2075	2270	2273	2274	2277	2279	2406	2490	2965	2966	2982	3008	3100	3101	3102	3103	3204	3207	3208	3306	3307	3745	3785	3787	3788	3832	3876	3925	3965	4065	4320	4714	4741	5078	5080	5476	5477	5480	5936	6305	6387	6469	6489	6604	6628	6644	6739	6839	6937	7055	7503
1397
299	3265	3742	3743	4179	4180	4181	4182	4183	4580	7050
1505	1506	1507	1508	3525	3769	5469	5879	5880	6189	6190	6940
89	91	127	129	130	131	210	258	259	260	263	591	592	635	924	927	938	1049	1050	1051	1417	2151	2169	2287	2290	2292	2293	2295	2391	2392	2417	2418	2602	2608	2611	2612	2613	2614	2615	2730	2743	2761	2762	2763	2764	2881	2882	2964	3011	3247	3248	3331	3532	3627	3628	3695	3821	3822	3970	4376	4585	4586	4587	4589	4590	4591	4593	4594	4783	4858	4859	4929	4964	5053	5054	5100	5267	5271	5678	5710	5711	5712	5831	5832	5851	5951	5970	5976	5987	6045	6093	6094	6170	6258	6446	6482	6720	6899	6906	6907	6915	6939	7087	7105	7129	7152	7282	7369	7396	7423	7429	7496	7505	7580
2987	3928	3929	3930	4657	4658	4659	4660	4661	5702	5703	6472	6991	7207
1009	1010	1012	1013	1014	1015	1016	1017	1018	1019	1310	3293	3294	3297	3298	3299	3301	4492	4493	5407	5408	5410	5411	5694	5695	5771	6240	6661	7375
1965	1966	1967	1968	3780	5543	6149	6331	6430	6431	7174	7243	7244	7281	7403	7474
328	330	332	334	2070	2071	3420	4719	4720	5094	5433	5782	6997	7001	7172
152	156	230	233	234	320	322	413	422	446	583	584	957	1067	1069	1092	1096	1097	1226	1244	1245	1246	1249	1250	1252	1253	1254	1256	1257	1258	1365	1602	1874	2758	2791	2798	2802	3040	3296	3376	3415	3554	3613	3797	3910	3911	3979	4086	4143	4144	4165	4166	4287	4646	4647	4786	4815	5329	5350	5353	5357	5421	5422	5423	5504	5574	5647	5654	5742	5743	5884	5918	6171	6193	6201	6295	6360	6412	6582	6629	6685	6704	7013	7022	7324	7325	7461	7479	7567
1470	1471	1472	1669	1670	1708	1709	1710	1711	1713	1714	1715	1755	2054	2813	3095	3098	3302	3303	3304	3305	3363	3394	3399	3777	4244	4504	5033	5262	5344	5345	5346	5347	5348	5991	6638	6810	6970	7308	7346	7539	7613
335	336	337	338	984	985	986	990	993	996	997	1000	1301	1302	1303	1496	1497	1649	1814	2028	2207	2428	2429	2430	2431	2432	2433	2434	2435	2436	2437	2438	2439	3097	4042	4056	4219	4403	4532	4791	5023	5255	5516	5517	5518	5590	5591	5639	5640	5719	5814	5815	5817	6081	6085	6241	6838	6951	7036	7112	7131	7319	7391	7427	7511	7570	7571
65	81	82	305	460	850	987	1158	1279	1280	1324	2248	2250	2251	2252	2423	2502	3080	3217	3222	3223	3224	3227	3252	3312	3313	3314	3315	3316	3317	3460	3561	3749	3907	4063	4064	4081	4082	4083	4084	4085	4393	4630	4763	4764	4769	4871	4872	5073	5249	5284	5369	5370	5371	5380	5756	5766	5809	5878	5901	5902	5916	5972	6000	6363	6365	6366	6367	6368	6370	6371	6372	6375	6376	6378	6379	6381	6384	6868	7123	7225	7371	7518	7604	7617
1723	3776	3823	3824	3826	4920	4921	5069	5070	5071	5649	7561
64	435	436	437	438	439	440	456	457	458	897	901	902	904	928	1021	1442	1976	2386	2389	2410	2624	2625	2626	2627	2963	2969	3744	3848	3849	3850	3877	4095	4096	4097	4098	4099	4101	4134	4135	4136	4384	4752	4773	4774	4775	4790	4794	4999	5026	5027	5028	5029	5030	5190	5268	5483	5484	5655	5657	5834	5938	5946	5947	5955	5992	6047	6140	6174	6285	6307	6321	6424	6425	6458	6664	6865	6866	7032	7261	7292	7349
472	473	2516	2517	2518	2519	2520	2521	2522	2523	2524	2525	2526	2527	2993	3527	3630	3631	3632	3633	3684	5232	5336
6761	6762	6763
87	1907	1908	1909	2465	3033	3034	3035	3122	3123	3124	3125	3668	3669	3714	3856	4137	4612	4613	4614	4615	4665	5263	5705	5706	5707	5949	6487	6488	7498
321	484	489	1621	1622	2556	2729	4355	4572	4805	4806	5082	5150	5151	5313	5314	5920	6006	6007	6233	6545	6546	6822	6823	6933	7161	7170	7186	7288	7322
13	14	15	16	17	18	20	53	54	55	57	58	1263	1264	1265	1570	1979	1980	2015	2874	4547	4962	5244	6834	7378	7379	7433	7545	7587
83	84	85	86	994	999	2724	2725	2919	2920	2990	2991	4515	4516	4517	4518	4758	5561	5803	5874	5875	5876
329	331	333	744	3041	4325	5206	5580	5581	6244
430	581	885	1575	1577	1578	1625	1679	1680	1681	1684	1896	1897	2831	2832	2833	2834	3276	3897	3898	3908	4356	4596	4877	4878	4879	4880	4881	4882	4883	4884	4885	5463	6192	6212	6344	6920	7098	7099	7321	7452
339	341	961	962	967	968	2243	2836	2852	2893	2984	2986	2988	2989	3127	3499	3500	3501	3502	3730	3731	3733	3735	4400	4416	4667	4668	4726	4727	5067	5257	5259	5260	5402	5684	6361	6764	7255	7256	7414
283	1800	1801	1928	1929	2161	2162	2265	2555	2558	2559	2560	3085	3087	3088	3263	3375	3598	3599	3600	3729	4003	4070	4071	4205	4206	4207	4208	4209	4210	4211	4213	4214	4215	4216	4631	4666	4816	5011	5018	5539	6015	6183	6184	6438	7126
3	6	197	198	409	913	930	1206	1404	1405	1406	1423	1483	1484	1485	1789	1790	2228	2229	2230	2231	2232	2233	2234	2598	2744	3196	3244	3830	3831	3984	4300	4651	4652	4875	4876	5006	5007	5108	5122	5316	5437	5438	5439	5735	5736	5828	5829	5830	6062	6342	6522	6589	6590	6645	6733	6776	6948	6949	7095	7096	7097	7196	7334	7350	7596
428	883	1885	1887	1889	1890	1987	1990	2012	2041	2043	2044	2045	2148	2240	2481	2760	2918	3166	3168	3169	3231	3232	3234	3264	3475	3476	3533	3660	3661	3662	3701	3948	4092	4093	4520	4564	4610	4611	4831	4832	4834	4836	4838	4840	4841	5104	5359	5360	5441	5442	5551	5708	5709	5864	6395	6396	6397	6398	6399	6400	6401	6432	6508	6671	6682	6883	6952	6977	7166	7214	7457	7601	7609
1064	1128	1131	1212	1213	1225	1364	1579	1580	1581	1886	2557	2795	2926	2951	3411	4094	4103	4562	4563	4798	4799	4800	4894	5036	5470	5571	6768	6938	7489	7490	7525	7532	7548
170	171	249	253	255	324	326	342	343	345	348	441	442	560	561	562	564	566	654	655	841	843	845	848	855	863	864	865	867	869	942	995	1132	1268	1269	1298	1299	1300	1546	1547	1550	1552	1553	1648	1678	1720	1724	1725	1727	1728	1730	1734	1736	1737	1738	1740	1742	1744	1746	1747	1753	1756	1759	1761	1765	1766	1904	1988	2039	2053	2055	2056	2058	2101	2104	2107	2109	2110	2111	2124	2208	2213	2460	2462	2463	3038	3143	3144	3163	3165	3338	3346	3347	3396	3398	3402	3503	3504	3564	3565	3594	3753	3853	3855	3860	3863	3864	3986	4025	4253	4271	4542	4680	4704	4705	4913	4949	4979	5307	5310	5376	5409	5533	5562	5664	5726	5985	6255	6332	6405	6670	6826	6828	7028	7327	7362	7476	7565	7593	7621
569	574	575	578	580	4358	4682	4683	4765	4766	5455	6341	7500	7501
325	660	840	842	844	981	982	983	988	989	998	1001	1002	1003	1320	1323	1326	1644	1645	1646	1650	1721	1905	1906	2186	2187	2212	2216	2217	2236	2267	2268	2420	2421	2879	2880	3159	3256	3257	3754	3817	3851	3859	3939	3989	4008	4041	4043	4075	4217	4407	4417	4725	4792	4793	4915	5066	5125	5126	5228	5447	5663	5668	5816	5845	5846	5861	5877	5931	6041	6070	6353	6519	6817	6861	6886	6941	6942	7122	7164	7413
870	2024	2029	2030	2031	2032	2034	2035	2036	2094	2197	2198	2199	2200	2337	2338	2339	2340	2342	2343	2344	2345	2346	2347	2348	2349	2350	2447	2607	2628	3016	3017	3079	3459	3520	3540	3867	4126	4127	4232	4391	5139	5140	5959	5960	6326	6340	6497	6500	6570	6571	6581	6753	6754	6895	6969	6987	7010	7041	7150	7473	7568	7582
402	403	732	733	1446	3801	4466	4467	6333	7167	7345	7562	7619
207	466	491	720	721	723	724	1157	1159	1160	1304	1306	1307	1308	2076	2078	2079	2080	2082	2084	2085	2086	2087	2370	2563	2604	2605	3333	3508	3509	3510	4026	4551	5242	5367	5451	5819	5912	6209	6210	6338	6345	6736	7008	7108	7109	7110	7180
945	2313	2887	2888	3952	3953	3954	3955	4069	5077	5193	5194	5195	5196	5494	5751	6001	6256	6880	7187	7402	7535
221	1863	1864	3066	3634	4336	4337	4338	4498	4499	4751	4932	5811	5812	6074	6164	6165	6636	6944	7264	7522	7523
1590	1916	1918	3083	3084	3225	4409	4410	4411	4412	4851	5042	5043	5044	5045	5508	5509	5734	6281	6857	7335
652	658	1098	1564	1565	1693	1694	1695	1951	2178	2179	2189	2190	2253	2546	2547	3026	3027	3028	3029	3030	3569	4889	4890	4930	6059	6060	6061	6860	6917	7436
479	593	594	595	596	1316	1317	1318	1319	1873	1876	1877	1878	1879	1880	1881	1882	1883	1884	3211	3213	3214	4635	6286	7513
1361	1603	1819	1820	1823	1825	4091	6618	7038	7179
598	1276	1409	1560	1561	2503	2504	2505	3522	3523	3875	4121	4435	4436	4742	4900	4901	4902	5264	5265	5724	6272	6517	6651	6843
44	48	1697	1785	1786	1787	1788	1857	1858	1859	2282	2283	2995	2996	3649	3650	3944	4060	4061	4062	6252	6543	6544	6992	7073	7182	7572
518	519	3918	3924	4124	4125	6168	6169	6187	6327	7002	7003	7004	7219
706	1116	1117	1631	1632	2088	2089	2090	2091	2093	2720	2721	2722	2870	2871	2872	2873	3081	3082	3905	3906	4220	4221	4679	4717	4718	4873	5462	5658	5763	5768	5838	6380	6555	6596	6607	6627	6737	6820	6827	7017	7034	7035	7367
261	264	265	267	268	269	272	273	274	606	608	610	612	614	616	618	619	620	621	629	971	1166	1167	1168	1170	1171	1499	1589	1591	1592	1594	1595	1596	1677	1846	1869	2299	2300	2302	2303	2305	2306	2307	2308	2321	2322	2636	2638	2639	2642	2643	2644	2645	2646	2908	2954	2955	2956	3031	3032	3174	3175	3246	3360	3663	3664	3665	3666	3667	3810	4013	4014	4016	4044	4052	4055	4242	4280	4343	4494	4577	4787	4811	4867	4874	4992	5047	5086	5238	5239	5415	5416	5582	5631	5651	5652	5692	5827	6034	6156	6392	6417	6418	6439	6493	6616	6723	6724	6856	6874	6891	6959	6960	6974	7127	7128	7176	7210	7237	7238	7383	7411	7541
622	623	1262	1311	1312	1662	3319	3320	3548	3651	3652	3653	4129	4259	4301	4588	5005	5107	5117	5209	5275	5315	5368	5378	5656	5661	5675	5720	5732	5761	5889	5903	5917	6069	6148	6402	6626	6684	6689	6690	6698	6699	6708	6777	6793	6859	6871	7066	7088	7089	7115	7149	7193	7232	7253	7290	7291	7293	7294	7295	7296	7297	7298	7299	7300	7301	7302	7303	7304	7305	7306	7307	7421
604	1216	1410	1411	1413	1414	1490	1517	1696	1701	1702	1806	2154	2156	2158	2312	2315	2316	2319	2320	2889	2890	2891	3250	3433	3734	3845	3846	3941	3942	4361	4480	4626	4729	4759	5247	5258	5280	5281	5282	5283	5331	5377	5492	5495	5496	5497	5566	5798	6053	6243	6409	6663	6694	6695	6712	6961	6962	7090	7435
866	868	1325	2057	2118	2188	2723	3491	3494	4270	4669	4681	4897	4898	4899	4922	4948	6048	6049	6112	6177	6178	6198	6652	6984	7082	7114	7515
134	135	141	144	150	157	158	282	415	429	470	508	509	510	511	512	513	514	515	516	517	601	602	946	947	948	950	951	953	954	955	1052	1115	1126	1129	1130	1573	1574	1576	1656	1657	1682	1683	2005	2006	2007	2008	2062	2334	2335	2336	2799	2810	2925	2927	2928	3000	3002	3052	3053	3054	3055	3056	3058	3061	3062	3063	3064	3106	3187	3190	3191	3416	3425	3770	3993	3994	3995	3996	3997	3998	3999	4000	4002	4033	4468	4566	4567	4569	4944	5159	5160	5161	5229	5230	5381	5737	5775	5776	6040	6362	6554	6717	6718	6719	6829	6830	6956	6975	7075	7076	7257	7368
1145	4514	5019	5690	5844	6154	6155	7020	7021	7140	7141	7142	7143	7145
361	362	363	451	452	454	1671	1674	1676	2641	2902	2904	2905	2906	2910	2913	2947	3444	3933	4011	4051	5237	5302	6014	6017	6018	6019	6020	6021	6022	7499
3973	5577	5578	5579
603	605	1088	1089	1090	1091	1815	1991	1992	1993	1994	1995	1996	1997	1998	1999	2000	2847	3128	3624	4780	5024	5025	5243	5246	5538	5546	5721	5896	7158	7190	7497
475	476	1587	1588	2066	2175	2176	2177	2601	2603	2894	3249	3251	4298	4939	5068	5256	5261	6460	6461	6462	6831	6832
1769	1770	1771	1772	1774	1775	1777	1779	1781	2069	6343	7418
314	315	485	952	1079	1080	1081	1082	1083	2195	2196	2660	3268	3705	4148	4149	4150	4159	4160	4788	4789	4856	4857	5547	5618	5619	5727	5728	5801	6579	6816	7047	7121	7162
204	205	209	236	237	238	390	391	392	393	394	395	396	397	399	400	401	585	586	670	671	884	886	887	973	974	975	977	978	1046	1047	1189	1190	1191	1192	1193	1194	1195	1196	1197	1198	1642	2018	2019	2020	2367	2610	2736	2737	2740	2741	2768	2769	2770	2771	2839	3237	3238	3239	3240	3377	3381	3382	3417	3457	3462	3464	3466	3467	3486	3538	3539	3562	3606	3608	3670	3688	3689	3691	3692	3693	3712	3713	3717	3718	3719	3721	4153	4154	4260	4290	4366	4476	4477	4521	4523	4525	4527	4528	4529	4543	4603	4604	4933	4934	5098	5120	5121	5131	5135	5178	5180	5182	5183	5187	5252	5305	5534	5563	5608	5624	5625	5635	5660	5671	5835	5868	5869	6039	6110	6253	6262	6301	6413	6422	6423	6427	6465	6481	6495	6496	6498	6499	6501	6509	6538	6612	6672	6673	6946	6957	6995	7018	7061	7154	7155	7262	7366	7434	7454
