92	93	94	95	96	97	98	99	100	101	102	103	104	105	106	107	108	109	110	111	112	113	114	115	116	117	118	119	120	121	331	333	427	535	536	537	572	576	582	737	738	739	740	742	743	744	745	746	747	748	749	750	751	752	753	754	755	756	757	758	759	760	761	762	764	765	767	768	769	770	771	772	773	774	775	776	777	778	779	780	781	782	783	786	788	789	790	791	792	793	794	795	796	797	798	1071	1072	1073	1572	2014	2261	2263	2264	2311	2649	2650	2651	2652	2653	2655	2656	2657	2658	2659	2661	2662	2663	2664	2665	2666	2667	2668	2669	2670	2671	2672	2673	2674	2675	2676	2677	2678	2679	2680	2681	2682	2683	2684	2685	2686	2687	2688	2689	2690	2691	2692	2693	2694	2695	2696	2697	2698	2699	2702	2703	2704	2705	2706	2707	2708	2709	2710	2711	2712	2713	2714	2715	2716	2717	2718	2719	2835	2843	3041	3215	3556	3557	3558	3559	3566	3639	3640	3686	4162	4197	4302	4316	4321	4325	4387	4860	4861	5031	5092	5093	5206	5306	5431	5432	5544	5545	5580	5581	5704	5887	5888	5995	6057	6082	6182	6213	6214	6215	6216	6217	6244	6329	6330	6516	6561	6608	6705	6709	6772	7168	7217	7326	7377	7405	7408	7487	7520	7526	7542
10	209	398	406	972	976	979	980	1123	1124	1917	1919	1920	2072	2201	2202	2341	2609	2787	2837	2838	2840	2961	2962	2997	2998	2999	3378	3379	3380	3381	3382	3383	3384	3385	3421	3422	3458	3465	3468	3469	3470	3480	3481	3482	3483	3484	3485	3487	3488	3489	3490	3570	3572	3574	3575	3576	3577	3615	3687	3690	3715	3716	3720	3722	3723	3866	3868	3869	4237	4238	4239	4288	4289	4291	4292	4526	4575	4608	4662	4709	4803	4804	4817	4818	4828	4931	4987	4988	4989	5141	5222	5223	5224	5248	5349	5482	5503	5607	5636	5662	5825	5928	5933	5934	6025	6026	6027	6028	6076	6077	6078	6109	6111	6112	6113	6114	6115	6116	6117	6118	6119	6120	6122	6123	6125	6127	6128	6129	6130	6131	6293	6314	6440	6447	6509	6578	6614	6752	6756	6934	7022	7033	7177	7199	7263	7455	7586
32	89	90	91	127	129	130	131	258	259	260	263	407	436	437	440	591	592	635	700	924	927	938	1049	1050	1051	1292	1293	1417	1782	1799	1810	2151	2169	2287	2288	2290	2291	2292	2293	2295	2391	2392	2411	2413	2414	2416	2417	2418	2483	2608	2611	2612	2613	2614	2615	2730	2743	2761	2762	2763	2764	2881	2882	2957	2964	3198	3209	3247	3248	3532	3601	3628	3695	3696	3698	3699	3700	3768	3821	3822	4202	4376	4546	4585	4586	4589	4590	4591	4593	4594	4632	4783	4858	4859	4968	5053	5175	5271	5332	5632	5633	5678	5711	5712	5851	5951	5970	5976	6008	6009	6093	6170	6188	6258	6482	6504	6686	6691	6692	6720	6899	6906	6907	6915	6939	6990	7049	7087	7091	7129	7152	7282	7369	7385	7396	7400	7423	7425	7429	7505	7580
208	579	725	726	727	728	729	730	731	888	1330	1415	1416	1949	1956	1958	1962	1963	1989	2025	2027	2037	2166	2367	2440	2545	2548	2549	2994	3022	3067	3069	3071	3072	3074	3607	4057	4058	4059	4299	4463	4600	5095	5127	5128	5129	5131	5132	5134	5136	5137	5138	5181	5185	5186	6306	6466	6878	7019	7118	7434	7514
297	298	300	301	302	589	590	1600	2125	2126	2127	2128	2129	2130	2131	2132	2133	2134	2135	2136	2137	2138	2139	2141	2142	2143	2144	2145	2146	2147	2164	2165	2180	2182	2183	2184	2310	2468	2469	2470	2471	2472	2473	2474	2475	2476	2477	2478	2479	2480	2573	2574	2575	2929	2930	2931	2932	2933	3137	3702	3703	3704	3706	3707	3962	3963	3972	3973	3974	3975	3976	3977	3978	3980	3981	3982	4108	4243	4353	4444	4488	4539	5458	5459	5577	5578	5579	5613	5614	5693	5752	5785	5786	5787	5788	5789	5790	5791	5792	5797	6083	6172	6173	6229	6245	6311	6312	6388	6443	6478	6483	6513	6563	6600	6617	6683	6775	6780	6884	6908	6909	6930	6955	6985	7106	7198	7234	7388	7410	7467
19	45	46	47	49	50	52	56	60	75	1133	1134	1135	1136	1138	1139	1140	1141	1143	1144	1146	1199	1200	1202	1203	1204	1205	1214	1217	1218	1219	1220	1221	1412	1514	1515	1516	1698	1700	1704	1705	2067	2172	2173	2315	2326	2327	2368	2923	2924	3115	3116	3118	3119	3120	3121	3434	3896	4333	4360	4362	4363	4364	4365	4400	4479	4559	4656	4825	4826	4827	4947	4993	5051	5301	5312	5337	5340	5750	5865	5994	6101	6160	6185	6263	6264	6265	6408	6437	6622	6923	7027
64	1442	1976	2277	2386	2389	2403	2405	2408	2410	3176	3178	3339	3340	3744	3848	3849	3850	3877	4068	4134	4135	4136	4384	4386	4490	4752	4773	4775	4790	4794	4983	5026	5027	5028	5029	5030	5123	5634	5834	5936	5992	6140	6142	6305	6321	6792	6865	6866	7261	7320	7349	7359	7503	7578
14	226	227	1031	1263	1264	1265	1267	1320	1321	2874	5244	5247	5981	5982	7024	7378	7379	7437	7438	7545	7587
21	22	23	25	26	27	31	35	36	37	38	2412	2512	3149	3218	3847	4633	4634	5109	5382	5643	5644	5905	5906	5977	6323	6847	7204	7205
899	1294	1295	1296	1297	1827	2374	2375	2376	2377	2378	2379	2380	2381	2382	2383	3452	3453	3454	3455	4019	4020	4021	4339	4398	4842	4927	5535	5924	5983	6089	6246	6374	6665	7135	7136	7354
133	139	147	152	153	156	163	164	165	230	319	322	414	417	419	420	422	423	443	445	446	447	448	766	785	956	957	1063	1066	1093	1164	1165	1226	1227	1230	1240	1242	1247	1249	1252	1255	1257	1258	1368	1623	1685	1688	1691	1780	2059	2285	2286	2363	2482	2731	2732	2733	2758	2793	2798	2801	2804	2805	2807	2869	3300	3407	3409	3413	3415	3447	3543	3611	3904	4143	4144	4165	4166	4222	4223	4287	4309	4334	4442	4443	4644	4648	4905	5152	5173	5329	5350	5352	5353	5355	5357	5422	5574	5576	5647	5654	6032	6056	6141	6157	6193	6295	6412	6553	6582	6630	6641	7086	7216	7233	7324	7325	7479	7484	7531	7549	7567	7573
485	489	1224	1621	1622	1942	1943	1944	2729	2795	3517	3592	4159	4160	4355	4572	4805	4806	5082	5618	5619	5682	5683	5920	6006	6007	6232	6308	6309	6438	6816	6822	6823	6855	6933	7288	7315	7316	7322	7422
132	134	135	140	141	143	144	145	148	149	150	154	157	158	159	160	161	235	282	318	321	412	415	416	424	429	469	470	484	508	509	510	511	512	513	514	515	516	517	551	601	602	741	946	947	948	950	951	953	954	955	1052	1058	1115	1126	1129	1130	1239	1373	1576	1683	1687	1690	2005	2006	2007	2008	2062	2334	2335	2336	2796	2797	2799	2803	2806	2808	2809	2810	2831	2832	2833	2834	2925	3000	3052	3053	3054	3055	3056	3057	3058	3060	3061	3062	3063	3064	3106	3187	3188	3190	3191	3410	3416	3425	3770	3771	3983	3992	3993	3994	3995	3996	3997	3998	3999	4000	4002	4004	4006	4033	4306	4468	4566	4567	4569	4676	4906	4944	5150	5159	5160	5161	5162	5229	5230	5313	5314	5358	5381	5575	5737	5775	5776	5915	6040	6144	6233	6266	6362	6554	6717	6718	6719	6829	6830	6956	6975	7075	7076	7161	7186	7212	7257	7368	7451	7488
83	84	85	86	994	1328	1329	2269	2724	2725	2919	2920	2990	2991	4515	4516	4517	4758	4866	4918	4919	5002	5532	5561	5803	5952	6046	6640
2539	2540	3158	3348	3351	5957	5958	6023	6267	6268	6700	7279	7280
546	662	663	669	672	734	1004	1156	1332	1910	1913	1946	1947	1948	1950	1952	1953	1954	1955	1957	1960	1961	1964	2152	2167	2168	2226	2227	2494	2571	2576	2577	2578	2579	2582	2584	2817	2859	2909	3004	3020	3021	3070	3073	3151	3605	3609	3610	3790	3791	3792	3827	3831	3888	3889	4139	4152	4192	4193	4256	4404	4405	4406	4455	4457	4459	4684	4810	4893	4952	4975	5048	5049	5050	5111	5130	5133	5149	5326	5327	5328	5374	5375	5526	5527	5529	5549	5555	5556	5557	5558	5559	5560	5585	5606	5749	5854	5858	5881	5883	5895	5921	6044	6075	6133	6150	6194	6195	6211	6315	6391	6416	6429	6435	6512	6605	6703	6803	6804	6898	6925	6926	6927	6928	6929	6971	7037	7084	7159	7246	7258	7265	7266	7267	7268	7269	7270	7271	7272	7273	7274	7275	7276	7431	7432	7440	7558	7585	7591
479	593	594	595	596	1316	1317	1318	1319	1873	1876	1877	1878	1879	1880	1881	1882	1883	1884	3211	3213	3214	4635	6286	7513
262	264	265	268	269	270	272	274	453	455	606	607	609	610	611	612	614	616	617	618	619	1167	1499	1591	1595	1596	1672	1673	1675	1677	1846	2245	2306	2307	2308	2309	2321	2322	2636	2637	2638	2640	2642	2643	2645	2646	2903	2908	2911	2954	2955	2956	3112	3113	3174	3175	3246	3360	3361	3810	4013	4014	4015	4017	4044	4052	4053	4054	4055	4189	4242	4487	4577	4771	4772	4787	4811	4867	4874	4992	5047	5060	5192	5238	5239	5240	5303	5582	5631	5827	6034	6385	6392	6417	6418	6419	6439	6573	6616	6723	6856	6874	6891	6910	7051	7127	7128	7194	7411	7443	7541
359	2092	3179	3180	3181	3182	3183	3635	3636	3637	3818	3819	3878	3919	3921	4254	4255	4394	4395	4973	5168	5935	6885	7575
1314	1315	2081	4923	5218	5308	5309	6662
2396	2397	2398	2648	3228	3448	3449	3450	3451	3755	5009	5010	5285	5666	5700	5701	6726	6902	7552
1434	2046	2047	2089	2090	2113	2301	2399	2402	3334	3369	3370	3905	4130	4131	4281	4616	5595	5596	5867	5930	6035	6207	6348	6364	7607
1488	1490	1696	1701	1702	2154	2156	2312	2313	2314	2316	2319	2320	2985	3477	3478	4729	5245	5282	5283	5331	5492	5496	5566	5798	6052	6053	6054	6055	6238	6324	6325	6663	6961	7090	7435
30	462	463	1289	1327	1422	1651	1901	1902	1903	2404	2591	2592	3349	3350	3758	4737	4738	4739	5148	5190	5191	5685	5686	6084	6227	6228	6886	6980	7615
967	2836	2852	2984	2986	2987	2988	2989	3499	3500	3501	3502	3733	4657	4658	4659	4660	4661	4726	4727	5402	5684	5702	5703	6764	6991	7207	7255	7256	7414
283	1800	1801	1928	1929	2161	2162	2265	2555	2558	2559	2560	3085	3087	3088	3263	3375	3599	3600	3729	4003	4070	4071	4205	4206	4207	4208	4209	4210	4211	4213	4214	4215	4216	4631	4666	4816	5011	5018	5539	6015	6183	6184	7126
1470	1471	1472	1706	1750	1758	1762	2051	2054	2116	2393	2813	3095	3302	3303	3304	3305	3394	3399	3777	4039	4040	4244	4504	5164	5227	5344	5345	5346	5347	5348	5383	5384	5691	5890	5891	5991	6453	6454	6638	6810	6894	7026	7308
7	598	799	800	801	1276	4437	5166	5167	7012	7333	7555	7577
275	285	289	292	1656	1657	4005	4022	5365	6721	6722
87	1584	1907	1908	1909	2465	3033	3034	3035	3122	3123	3124	3125	3668	3669	3714	3856	4137	4612	4613	4614	4615	4621	4622	4665	5254	5263	5705	5706	5707	5949	6487	6488	6523	7218	7498
177	178	182	189	410	520	521	522	523	524	525	527	529	531	532	553	555	557	763	1078	1111	1449	1914	1915	1973	1974	2272	2629	2630	2631	2632	2633	2634	2635	2765	2766	2767	2978	2981	3003	3089	3107	3108	3205	3332	3496	3498	3524	3708	3709	3746	3807	3809	3811	3812	3813	3814	3815	3816	3883	4100	4198	4199	4200	4326	4340	4341	4342	4422	4423	4448	4449	4538	4650	4711	4712	4713	4715	4716	5266	5430	5498	5739	5813	5885	5923	5990	6073	6074	6079	6179	6328	6336	6468	6597	6598	6642	6771	6788	6797	6852	6873	6998	6999	7042	7144	7230	7245	7399	7430	7472	7600	7602
65	81	82	305	706	850	987	1158	1279	1280	2076	2423	2502	2619	3080	3222	3223	3227	3252	3561	3749	4063	4064	4081	4082	4083	4084	4630	4763	4764	4873	5073	5249	5380	5665	5766	5809	5878	5901	5902	5909	5916	5972	6000	6363	6365	6366	6367	6368	6370	6371	6372	6373	6375	6376	6378	6379	6381	6384	6555	6868	7017	7034	7035	7371	7518	7604
1452	1453	1454	1455	3948	3949
1137	1142	1658	1659	1660	1661	2892	2898	2899	2900	2901	3865	5176	5177	5184	5751	5773	5820	5821	6071	6251	6931	7139	7551	7553
735	871	872	906	907	908	909	910	911	915	916	917	918	919	920	921	922	923	1070	1408	1502	1503	1504	1610	1821	1824	1975	2278	2384	2385	2895	3129	3130	3131	3132	3133	3134	3135	3136	3760	3774	3775	3903	4109	4110	4111	4112	4113	4114	4115	4116	4117	4118	4119	4120	4122	4123	4194	4434	4740	5074	5435	5567	5610	5611	5716	5738	5837	5929	5956	6092	6134	6660	6696	6697	6877	6911	6943	7444	7470	7492	7493	7495	7533	7598
4	493	494	496	497	498	499	500	501	502	540	597	599	3616	3738	3739	3990	4283	4618	4619	5278	5536	5697	5826	6036	6568	6773	7221	7222	7278
486	702	703	704	705	707	708	709	710	711	712	713	714	715	716	718	719	1030	1032	1335	1336	1337	1338	1339	1342	1343	1344	1345	1346	1347	1348	1349	1350	1351	1352	1353	1354	1355	1356	1357	1359	1457	1458	1459	1460	1461	1463	1464	1465	1466	1467	1468	1473	1474	1475	1476	1477	1478	1479	1480	1481	1482	1791	1792	1793	1794	1795	1796	1924	1925	1926	1927	3544	3671	3672	3748	3820	3833	4226	4227	4229	4534	4536	4823	4824	5445	5454	5843	5859	5910	6176	6383	6967	7363	7428	7588
40	41	303	304	306	307	308	309	310	311	312	313	386	387	388	389	587	588	681	684	685	687	695	1340	1341	1462	3192	3871	3872	3873	4185	4186	4464	4465	5289	5290	5291	5467	5468	5677	5731	6072	6206	6459	6548	6805	6806	6807	7067	7137	7220	7583	7608
477	478	480	481	482	483	568	570	571	856	1647	2159	2160	2203	2818	2819	2820	3641	3642	3643	4028	4029	4030	4031	4032	5153	5155	5156	6200	6693	7030	7160
3673	3674	3675	7015
374	784	1643	2427	3199	3200	3426	3427	3471	3472	5943	7085	7213
900	903	1290	1291	1520	1521	1522	1523	1524	1525	1526	1527	1528	1529	1826	1828	2022	2023	2387	2862	2863	2864	2865	2866	2868	3210	3245	3536	3537	4074	4101	4224	4225	4245	4246	4247	4248	4249	4670	4734	4735	4736	5105	5217	5225	5226	5286	5287	5511	5512	5513	6197	6273	6586	6587	6593	6615	6936	7358	7450
2088	2093	2870	2871	3081	3082	3197	3759	3945	4980	4981
175	181	187	188	190	193	196	408	411	912	1099	1101	1102	1103	1104	1107	1108	1112	1113	1114	1119	1122	1174	2075	2270	2273	2274	2275	2276	2279	2406	2488	2490	2966	2982	3101	3204	3206	3306	3307	3745	3785	3787	3788	3832	3876	3925	3965	4065	4537	4714	4741	5476	5477	6224	6225	6359	6387	6469	6489	6628	6739	6839	6919	7055	7372	7453
1161	1978	3587	3697	4296	4297	4346	4690	5603	5604	5605	5882	6003	6525	6654	6655	7138
1560	1561	2503	2504	2505	3522	3523	3875	4121	4435	4436	4900	4901	4902	5264	5265	5724	6272	6517	6843
240	241	242	243	244	245	246	247	248	1105	1637	1638	1921	1922	1923	1981	1982	1983	1984	1985	1986	2042	2106	2328	2329	2330	2331	2332	2333	2772	2773	2774	2776	2777	2778	2779	2780	2781	2782	2783	2784	2785	2786	3365	3518	3593	3750	3751	3752	3772	3773	3914	4145	4565	4671	4812	4813	4814	5032	6278	6279	6280	6296	6297	6354	6355	6576	6840	6841	6842	6844	6845	6846	7031	7077	7184	7185	7240	7338	7462	7623
475	476	961	962	968	1587	1588	2175	2176	2243	2318	2601	2603	2893	2894	3249	3251	4298	4667	4668	4939	5067	5068	5256	5257	5258	5259	5260	5261	6361	6460	6461	6462	6831	6832
42	43	79	941	1309	1630	1639	1640	2500	2501	2844	2845	2848	2850	2851	2853	3075	3076	3270	3547	3694	4416	4910	5179	5379	5516	5517	5962	6594	6639	6647	6731	6732	7078	7459	7460
1562	1563	3408	4482	5672	5673	5713	5911	6102	6103	6104	6105	7241	7283	7284	7285	7286
1009	1010	1012	1013	1014	1015	1016	1017	1018	1019	1310	3293	3294	3297	3298	3299	3301	4492	4493	5407	5408	5410	5411	5694	5695	5771	6218	6240	6661	7375
34	122	123	124	125	126	642	645	648	649	650	651	805	806	814	833	834	889	890	891	892	893	894	896	1033	1034	1035	1036	1932	1933	1934	1935	2083	2356	2454	2507	2511	2513	2515	3219	3288	3289	3290	3291	3292	3321	3322	3324	3325	3326	3329	3435	3506	3784	3926	3927	3936	4049	4475	4548	4722	4767	4768	4938	5295	5296	5437	5617	5780	5998	5999	6042	6196	6322	6347	6476	6542	6947	7239	7350	7416
128	184	341	633	818	823	828	1027	1028	1120	1428	1445	1567	1604	1607	1611	1612	1613	1654	1655	1667	1668	1813	2096	2506	2594	2596	2823	2824	2825	2896	2958	3220	3271	3281	3418	3419	3436	3526	3530	3546	3763	3917	3964	4089	4368	4369	4413	4582	4747	4760	5279	5602	6191	6208	6282	6676	6677	6678	6742	6746	6747	6790	6794	6795	6796	6800	6801	6879	7057	7063	7361	7404	7463	7475	7481
3177	4228	4446	4519	4561	4628	4691	4695	4697	5481	5783	6037	6038	6163	6540	6541	6986	7081	7133	7622
1769	1770	1771	1772	1774	1775	1776	1777	1778	1779	1781	2069	6343	7418
1283	1284	1285	1286	1287	1288	2975	2976	2977	3366	3367	3578	3580	3581	3582	3583	3584	3585	3586	3588	4583	4584	5201	5203	5204	5205	5502	5852	5894	6270	6271	6521	6524	6965
1542	1585	1735	2258	2422	2568	3077	3078	3612	3857	5645	6145	6146	6491	6932	7059	7197	7381	7537
474	1597	1598	1599	2647	4012	4595	4956	5584	5733	6091	7556	7557	7616
682	1469	2821	2822	3424	4438	5090	5770	5793	6448	6449	6450	7111
350	351	352	353	355	358	360	506	507	549	661	664	665	667	668	1331	1535	1899	1900	1911	1912	2048	2049	2050	2163	2259	2491	2492	2493	2580	2583	2586	2953	3456	3461	3463	3603	3604	3638	3737	3789	4138	4140	4141	4142	4240	4344	4345	4401	4402	4456	4460	4501	4522	4606	4654	4891	4892	4924	5039	5083	5085	5099	5110	5112	5113	5170	5234	5304	5372	5528	5548	5550	5717	5725	5740	5850	5860	5937	5997	6275	6390	6415	6505	6506	6556	6567	6569	6599	6648	6836	6890	6979	7045	7058	7107	7192	7195	7201	7223	7277	7357	7365	7370	7407	7441
136	137	138	151	155	162	166	217	276	278	280	281	286	287	288	290	291	293	295	296	323	421	425	444	449	471	492	1060	1147	1182	1222	1223	1228	1229	1248	1271	1272	1275	1360	1362	1363	1364	1366	1367	1369	1370	1371	1372	1374	1601	1626	1628	1716	2060	2061	2362	2561	2726	2727	2728	2970	2971	2972	2973	2974	3059	3189	3235	3275	3412	3560	3794	3795	3943	4001	4034	4035	4047	4188	4250	4303	4305	4307	4308	4310	4311	4312	4313	4314	4315	4357	4377	4378	4392	4552	4553	4663	4664	4801	4853	4907	4977	4978	5211	5253	5297	5311	5351	5356	5366	5434	5446	5597	5598	5628	5774	5777	5800	5806	5807	5808	5823	5853	5855	5866	5927	6143	6158	6167	6269	6302	6303	6304	6358	6444	6445	6539	6872	7011	7039	7040	7080	7093	7094	7151	7183	7289	7309	7330	7343	7380	7419	7550
1483	1484	1485	1486	1487	1663	1664	1665	1666	1718	2828	3100	3102	3103	3195	4320	5078	6342	6644	6937	7113
219	277	279	284	294	1773	2218	2219	2220	2221	2222	2223	2224	2225	2424	2425	2562	2589	2590	2775	3376	4317	4318	4319	4329	4330	4331	4478	4637	5231	5276	5277	5436	5747	5748	6352	6924	7025	7169	7171	7606
905	3217	3920	4769	5106	5629	5630	5756	6221	6222	6277	7123	7202	7353	7355	7356	7617
77	1433	1559	1703	2242	2244	2317	2938	3019	3260	3437	3438	3440	3725	3726	3727	3728	3761	3762	4778	4845	4846	5061	5330	5362	5363	5364	5841	5975	5986	6284	6824	6825	6983	7009	7046	7464	7517
216	220	1752	3065
428	883	1131	1243	1885	1886	1887	1889	1987	1990	2041	2043	2044	2045	2148	2240	2481	2760	2918	3166	3168	3169	3231	3232	3234	3264	3475	3476	3533	3660	3661	3662	3701	4092	4093	4094	4520	4564	4610	4611	4829	4830	4831	4832	4834	4836	4837	4838	4840	4841	5104	5359	5360	5391	5392	5442	5470	5551	5864	6058	6395	6396	6397	6398	6399	6400	6401	6508	6671	6682	6883	6952	6977	7166	7214	7457	7601	7609
866	868	1325	2720	2721	2722	2872	4336	4337	4338	4669	4679	4751	4897	4898	4922	5462	6596	6627	6636	6652	6984	7114	7264	7515
652	658	659	1098	1564	1565	1693	1694	1695	2178	2179	2189	2190	2253	2546	2547	3026	3027	3028	3029	3569	4889	4890	4930	6860	6917	7436
699	701	717	1074	1075	1076	1077	1313	2002	2003	2004	2254	2255	2357	2358	2359	2360	2967	3185	3229	4473	5188	5189	5200	5530	5531	5758	5759	5764	5897	6199	7259	7547
221	431	432	433	434	459	461	573	2009	2010	2552	2553	3386	4499	5540	5541	5542	6164	6165	7249	7581
3157	3428	3429	3430	3431	6259	6534	6535	6536	6537
11	180	186	192	631	736	1797	1977	2021	2948	2963	2980	3202	4066	4495	4686	4746	5197	5417	5609	5842	6161	6162	6175	6502	6503	6562	6613	6651	6904	7056	7254	7260	7401	7563
2959	3627	3629	3801	3803	3804	3806	6477	6727	6728	6901	6914	6972	7345	7387	7579	7620
88	1545	3617	3618	4038	5143	5144	7348
1378	1379	1689	3091	3092	3359	4629	5339	5488	5489	5870	5871	5872	6349	6350	6351	6552	7119	7224	7344	7610
8	176	914	1110	1277	1278	2983	3445	3446	3682	3683	3756	3757	3884	4161	4294	5146	5478	5948	6436	6518	6527	7052	7053	7054
2	5	12	937	2365	2366	2498	3012	3710	3711	4067	4348	4385	4573	4574	4982	5103	5115	5116	5681	5971	6226	6235	6237	6257	6426	6511	6565	6621	6766	6767	6867	7101	7102	7103	7250	7468	7469	7597
142	533	534	1273	1617	1618	2915	2917	3212	3828	3829	4102	4212	4332	4835	4862	4863	4864	4865	4886	4888	4994	4995	4996	4997	5084	5091	5354	5396	5397	5398	5399	5757	5810	5862	5863	5922	6231	6533	6619	6620	6787	6809	7311
66	167	168	169	171	172	173	174	225	239	250	255	257	345	346	349	441	442	558	559	560	562	563	564	565	567	653	654	655	656	666	837	838	841	845	847	849	852	853	854	855	857	861	862	863	865	867	869	942	992	995	1005	1132	1333	1451	1547	1550	1552	1553	1678	1720	1724	1725	1726	1728	1730	1732	1736	1737	1738	1742	1744	1746	1747	1753	1756	1757	1759	1761	1763	1765	1805	2039	2040	2056	2058	2101	2102	2103	2104	2105	2107	2109	2110	2112	2208	2209	2210	2211	2213	2238	2260	2266	2426	3038	3143	3255	3257	3336	3337	3338	3345	3346	3396	3402	3504	3542	3564	3565	3852	3854	3855	3858	3861	3862	3863	3864	3989	4007	4009	4010	4018	4036	4037	4271	4351	4352	4418	4533	4627	4640	4704	4855	4913	4950	4951	4979	5154	5310	5376	5409	5449	5450	5475	5514	5533	5646	5664	5669	5718	5726	5979	5985	6242	6255	6313	6394	6405	6507	6510	6558	6560	6623	6624	6625	6750	6779	6826	6828	6853	6854	7028	7175	7203	7339	7340	7362	7476	7565	7576	7605
1951	1959	2585	3030	3736	4761	4762	4961	4974	4976	5873	6059	6060	6061	7482	7566
1669	1670	1708	1709	1710	1711	1713	1714	1715	1755	1969	1970	1971	3037	3039	3098	3362	3363	3541	4008	4942	5033	5262	6970	7346	7539	7613
1109	6080	6811	6812	7313	7314
59	3170	3171	3172	3173	3441	3442	3443	4172	4173	4174	4175	4508	4509	4510	4511	4512	4513	5052	5219	5220	5221	5746	5822	6337	6781	6864	7412
146	228	229	231	232	233	234	320	413	583	584	1053	1054	1055	1056	1057	1061	1065	1067	1068	1069	1092	1094	1095	1096	1097	1238	1241	1244	1245	1246	1250	1251	1253	1254	1256	1602	1692	1874	1875	2262	2759	2791	2802	2916	2949	2950	2952	3040	3042	3086	3233	3296	3352	3371	3372	3373	3374	3414	3554	3613	3614	3793	3796	3797	3798	3799	3909	3910	3911	3912	3979	4023	4086	4087	4370	4371	4451	4452	4453	4646	4647	4730	4731	4732	4733	4786	4815	5012	5013	5014	5233	5272	5273	5274	5393	5394	5395	5421	5423	5441	5464	5465	5466	5490	5491	5504	5505	5506	5564	5573	5641	5642	5722	5723	5741	5742	5743	5745	5818	5884	5918	5919	5973	5974	5980	6043	6171	6201	6260	6294	6360	6410	6411	6428	6557	6591	6592	6629	6685	6704	6849	6862	6976	6996	7005	7006	7013	7461	7490
928	940	1026	1439	1440	1444	2097	2098	2388	2489	2965	2968	3008	3010	3013	3015	3207	3208	3242	3330	4201	5080	5145	5147	5267	6953
870	2024	2029	2030	2031	2032	2033	2034	2035	2036	2094	2197	2198	2199	2200	2337	2338	2339	2340	2342	2343	2344	2345	2346	2347	2348	2349	2350	2607	2628	3016	3017	3079	3459	3520	3540	3867	4126	4127	4232	4391	4507	4698	5139	5140	5959	5960	6326	6340	6497	6500	6570	6571	6581	6753	6754	6895	6969	6987	7010	7150	7473	7568	7582
698	3786	5443	5456	5457	6318	6319	6320	6442	7618
528	2099	3023	3024	3025	3654	3655	3656	3657	3658	3659	5401	5583	6389	6467	6850	7341	7342
354	495	538	539	541	542	543	544	545	547	550	1037	1334	3479	3957	4167	4168	4241	4420	4421	4605	4607	4617	4638	4655	4708	4807	4808	4926	5040	5097	5114	5235	5288	5373	5857	5869	6012	6013	6121	6180	6274	6276	6668	6783	6784	6785	6786	6870	6887	6963
1590	1916	1918	3083	3084	3225	4409	4410	4411	4412	4851	5042	5043	5044	5045	5508	5509	5734	6281	6857	7335
1994	3624	4780	5024	5025	5243	5896
435	438	439	456	457	458	897	898	901	902	904	1021	2624	2625	2627	2969	4095	4096	4097	4098	4099	4390	4774	5268	5484	5657	5938	5950	5953	5954	5955	6174	6285	6307	6424	6425	6458	6664	7032
3497	4266	4267	4268	4269	5769	6602	6603	7208	7209	7471
356	357	1938	1939	2616	2617	2788	2789	4171	4770	4820	4821	4822	5034	5035	5361	5403	5404	5405	5406	6010	6247	6580	6601	6778	7060	7215	7512
44	48	1697	1785	1786	1787	1788	1859	2282	2283	2995	2996	3018	3649	3650	3944	4061	6252	6543	6544	6992	7073	7182	7572
404	405	1558	3571	3946	3947	4428	4429	4903	5171	5172	6386	7100	7394
1361	1500	1501	1603	1819	1820	1823	1825	2271	3843	3844	4090	4091	5765	6618	6637	7038	7179	7509	7510
2921	2922	3900	3901	3902	6701	6702	7189	7252	7417
70	71	673	1188	2747	2748	2749	2750	3230	3283	3284	3285	3286	4544	4545	4579	4809	5174	5932	6725
554	622	623	929	931	932	1262	1311	1312	1662	1936	1937	2979	3014	3090	3319	3320	3548	3573	3595	3597	3651	3652	3653	3891	3958	3959	4129	4259	4301	4588	4692	4999	5005	5107	5117	5209	5275	5315	5368	5378	5655	5656	5661	5675	5720	5732	5761	5762	5829	5889	5903	5917	5946	5947	6047	6069	6148	6402	6470	6471	6626	6684	6689	6690	6698	6699	6708	6777	6793	6859	6871	7066	7088	7089	7115	7149	7193	7232	7253	7290	7291	7292	7293	7294	7295	7296	7297	7298	7299	7300	7301	7302	7303	7304	7305	7306	7307	7421
2249	3152	3153	4372	4373	4374	4375	4445	4447	5210	5856	6875	7023
488	787	1148	1162	1163	1172	1173	1175	1176	1177	1178	1179	1180	1181	1686	3138	3139	3140	3141	3142	5729	5730	6821	7226	7227
577	1125	2701	2811	2812	3355	3356	3358	3563	3598	3676	3677	3678	3679	3680	3681	4176	4177	4178	4187	4877	4878	4879	4880	4882	4884	4885	5552	5553	5554	5892	5893	6137	6138	6139	6451	6734	6920	7156	7157	7211	7228
569	574	575	578	580	4358	4682	4683	4765	4766	5455	6341	7500	7501
335	336	337	338	503	504	505	984	985	986	989	990	993	996	997	999	1000	1301	1302	1303	1496	1497	1649	1814	2016	2017	2207	2428	2429	2430	2431	2432	2433	2434	2435	2436	2437	2438	2439	2581	2829	2830	3096	3097	3099	4042	4056	4219	4403	4532	4791	5023	5062	5063	5064	5065	5418	5518	5590	5591	5639	5640	5814	5815	5817	6081	6085	6241	6838	6935	6941	6951	7112	7131	7319	7391	7427	7570	7571
605	1088	1089	1090	1091	1815	1991	1992	1993	1995	1996	1997	1998	1999	2000	2847	3127	3128	4388	4389	5246	5538	5546	5721	7158	7190	7497
194	630	925	1022	1023	1025	1430	1446	1447	1635	1804	1811	2149	2150	2170	2289	2294	2409	2415	2419	2960	3005	3006	3007	3048	3226	3505	3529	3531	3579	3895	3950	4163	4164	4359	4367	4414	4506	4592	4672	4689	4693	4854	4965	4966	5250	5251	6005	6033	6283	6414	6666	6789	6791	6799	7065	7386	7442	7480
472	473	585	586	1857	1858	2993	3527	3630	3631	3632	3633	3684	4060	4062
328	329	330	332	334	1365	1890	2011	2012	2013	2070	2071	2700	3093	3094	3391	3420	3823	3825	3826	4719	4720	4833	5094	5385	5386	5387	5433	5461	5572	5708	5709	5782	6432	6480	6669	6681	6757	6758	6759	6997	7001	7172	7200	7231	7331	7332	7554	7561
3	6	191	195	197	198	316	317	409	636	913	930	936	1106	1206	1405	1423	1789	1790	1798	2228	2229	2230	2231	2233	2234	2235	2598	2742	2744	3009	3196	3244	3830	4279	4300	4875	4876	5006	5007	5008	5108	5122	5316	5438	5439	5440	5483	5510	5735	5736	5828	5830	6062	6087	6522	6584	6585	6589	6590	6645	6733	6776	6949	7095	7096	7097	7196	7334	7420	7590	7596
1965	1966	1967	1968	2751	3780	5543	6149	6331	6430	6431	7174	7243	7244	7281	7403	7474
518	519	1404	1406	1407	1409	3918	3924	3984	4124	4125	4742	4743	4744	4745	4895	4896	6168	6169	6187	6327	7002	7003	7004	7219
1723	3776	3824	4920	4921	5069	5070	5071	5649
430	581	885	1274	1432	1518	1519	1573	1574	1575	1577	1578	1624	1625	1627	1629	1679	1680	1681	1682	1684	1896	1897	2556	2654	2927	2928	3002	3272	3273	3276	3277	3897	3898	3908	4356	4555	4556	4557	4558	4570	4596	4881	4883	4960	5463	6192	6212	6333	6344	6545	6546	6610	6896	6897	7064	7098	7099	7170	7321	7452
1281	1282	2323	2858	3956	4462	4498	4500	4953	4954	4955	5072	5452	5453	5760	6147	7124	7125	7439	7612
24	3747	5444	5680	6456	6457	6550	6551	7163
9	179	1236	1237	1375	1376	1377	1652	1653	1972	2073	2074	2369	2371	2826	2827	3126	3966	3967	3968	3969	3971	4431	4432	4433	4651	5241	5904	6066	6094	6526	6528	7352	7507
418	1435	2181	2593	2849	4284	4285	4286	4957	4958	4959	5041	5292	5499	5500
72	73	74	76	78	80	639	640	641	958	959	960	963	964	965	966	969	970	1215	1489	2846	3117	3433	3439	3619	4233	4571	4852	5280	5281	5293	5294	5334	5338	5341	5342	5343	5515	5525	5659	6441	6802	6833	7153	7251	7373	7374	7508
1822	2171	2284	2626	2734	2735	3258	3259	5626	5627	5710
222	223	487	490	2800	2942	2943	2944	2945	2946	4426	4427	4699	4700	4701	4702	4703
0	1	261	266	267	271	273	530	608	615	620	621	626	629	971	1166	1168	1169	1170	1171	1589	1592	1593	1594	1631	1632	1834	1835	1836	1837	1838	1839	1840	1841	1842	1843	1845	1847	1848	1849	1850	1851	1868	1869	1870	1871	1872	2246	2247	2299	2300	2302	2303	2305	2639	2644	2755	3031	3032	3160	3161	3274	3287	3318	3353	3354	3390	3432	3663	3664	3665	3666	3667	3838	3839	3840	3841	3842	4016	4080	4191	4280	4343	4494	4576	4578	5037	5038	5058	5059	5086	5087	5414	5415	5416	5650	5651	5652	5674	5692	5963	6156	6248	6249	6406	6407	6493	6583	6607	6631	6688	6724	6729	6944	6958	6959	6960	6974	7092	7176	7210	7237	7238	7383	7389	7415	7530
674	675	676	677	678	679	680	683	686	688	689	690	691	692	693	694	696	697	1898	2100	2495	2496	2497	3423	3874	4560	4916	4925	4937	5615	5616	6250	6310	6316	6317	6339	6479	6577	7134	7242	7426	7456	7536
460	3224	3317	3460	3907	4085	4393	4871	5284	5369	5371
2940	5015	5016	5017	5847	7014	7317	7318
1266	2153	2155	2157	3620	3622	3623	3625	3626	4157	4158	4549	4550	5473	5474	6223	7173	7592
4728	4776	4777	4779	5568	5569	5570	5900	6632
170	249	251	253	256	324	326	340	342	343	347	348	561	566	843	846	848	851	859	864	1006	1042	1043	1211	1268	1269	1270	1298	1299	1300	1530	1531	1536	1537	1538	1539	1540	1541	1543	1546	1548	1549	1555	1557	1641	1648	1707	1727	1733	1734	1740	1741	1743	1751	1766	1767	1904	1988	2052	2053	2055	2111	2114	2115	2117	2118	2119	2120	2121	2122	2123	2124	2214	2457	2460	2461	2462	2463	2466	2535	2620	2745	2746	2857	2897	3147	3163	3165	3347	3397	3398	3400	3491	3493	3495	3503	3594	3753	3837	3853	3860	3991	4025	4253	4458	4540	4541	4542	4642	4673	4680	4705	4707	4935	4949	5307	5400	5562	5679	5715	5984	6067	6068	6234	6239	6332	6464	6670	6710	6711	6716	6755	6765	6954	7007	7016	7206	7327	7409	7516	7593	7621
252	991	1231	1232	1233	2297	2723	3494	3511	3512	3513	4270	4441	4469	4470	4530	4531	4917	4948	5667	6086	6198	7043	7044
548	1569	1571	1619	1620	1930	1931	3156	5945	7072
2232	2484	2485	2486	2487	3923	4450	4652	4998	5000	5001	5298	5299	5300	6088	6220	6382	6484	6520	6643	6921	6922	6948	6989
1186	2256	3644	3645	3646	3913	4347	4967	5522	5523	5524	5940	5941	5942	6819	6837	7041	7485
1116	1117	2091	2873	3906	4220	4221	4717	4718	5658	5763	5768	5838	6380	6737	6820	6827	7367
2140	3144	3145	3146	3148	3154	3155	3401	3473	3474	4024	4350	5101	5102	5212	5214	5839	5840	6588	6706	6707
339	603	604	2063	2064	2065	2066	2068	2841	2842	2889	2891	3730	3731	3732	3931	3932	4304	5507	5612	6694	6695	7466
224	325	660	840	842	844	981	982	983	988	998	1001	1002	1003	1323	1326	1644	1645	1646	1650	1721	1905	1906	1945	2028	2186	2187	2188	2212	2216	2217	2236	2237	2267	2268	2420	2421	2879	2880	3068	3159	3221	3256	3754	3817	3851	3859	3939	4041	4043	4075	4217	4407	4417	4639	4641	4725	4792	4793	4915	5066	5125	5126	5228	5255	5447	5599	5663	5668	5719	5816	5845	5846	5861	5877	5931	5961	6041	6070	6353	6485	6519	6650	6760	6813	6815	6817	6818	6861	6942	7036	7122	7164	7384	7413	7424	7511	7519
13	15	16	17	18	20	53	54	55	57	58	1570	1979	1980	2015	4547	4962	4963	6834	7433
613	933	934	935	2444	2445	2446	2451	2885	3550	3551	3553	4415	4941	4943	5020	5021	5022	5317	5321	5322	5324	5886	5964	5965	5966	5967	5968	5969	6547	6869	7068	7069	7229
945	1216	1410	1411	1413	1414	1517	1806	2158	2177	2887	2888	2890	3250	3734	3845	3846	3941	3942	3952	3953	3954	3955	4069	4361	4480	4626	4759	5077	5335	5377	5493	5494	5495	5497	6243	6712	6880	6889	6962	7187	7402	7535
3403	3404	3405	3406	7329
1863	1864	3066	4932
1084	1085	1783	1784	2877	2878	3555	4257	4258	6063	6064	6065	6126	6202	6203	6346	6455	6903	7117
211	212	213	1380	1381	1382	1383	1384	1385	1386	1387	1388	1389	1390	1391	1392	1393	1394	1395	1396	1397	1398	1399	1400	1401	1402	1403	2280	2281	3043	3044	3046	3519	3567	3568	3922	4282	4599	4781	4782	4908	4909	5046	5118	5119	5676	5799	5939	6490	6566
1128	1579	1581	2926	3411	4562	4563	4799	4800	4894	5571	6768	7532
556	634	1441	1509	1510	1511	1512	1513	1606	1614	1633	1634	1636	1802	1803	1807	1808	1809	1812	1860	1861	1862	1940	1941	2038	2095	2351	2352	2353	2354	2407	3001	3114	3280	3282	3724	3740	3741	3802	3885	3886	3887	3890	3892	3893	3894	3916	3951	4502	4636	4685	4694	5142	5424	5425	5426	5427	5428	5429	6135	6434	6751	6808	6912	6913	7116	7360
299	314	315	952	1059	1079	1080	1081	1082	1083	2195	2196	2660	3268	3269	3323	3705	4046	4048	4148	4149	4150	4788	4789	4856	4857	4914	5151	5547	5727	5728	5801	6574	6575	6579	7047	7121	7162
600	1011	1493	1494	1554	1616	1748	2194	2257	2304	2464	2529	2564	2588	2815	2816	3109	3111	3308	3309	3310	3311	3342	3343	3344	3395	3514	3516	4076	4079	4203	4204	4251	4252	4275	4408	4597	4598	4753	5075	5076	5479	5485	5592	5593	5594	5696	5753	5754	5755	5833	6393	6404	6515	6633	6687	6774	6893	6988	6993	6994	7000	7029	7074	7082	7120	7181	7448	7449	7543	7569	7603
426	552	1127	1888	2239	2241	2554	3261	3262	3266	3267	3279	3387	3389	3960	3961	4169	4170	4419	4568	4843	4844	4969	5460	5699	5781	5784	5944	6029	6030	6031	6159	6848	6900	6981	6982	7364	7406	7458
836	943	944	1007	1008	2606	2618	2621	2622	2623	3368	3589	3590	3591	4261	4262	4263	4264	4322	4323	4324	4625	5213	5420	5744	6090	6166	6287	6289	6290	6291	6292	6858	7312	7347	7395
1534	1818	1867	2565	2566	2567	2569	2738	2739	3164	3515	3534	3535	4230	4231	4272	4273	4274	4439	4440	4984	4985	4986	5419	5472	5849	6177	6178	6730	6916	7351	7524	7527	7528	7594	7595
1505	1506	1507	1508	3357	3769	5519	5520	6964	6978
1062	1064	1212	1213	1225	1580	2361	2364	2557	2792	2951	3388	3525	4103	4643	4798	5036	5469	5879	5880	6189	6190	6452	6938	6940	7287	7489	7525	7548
2516	2517	2518	2519	2520	2521	2522	2523	2524	2525	2526	2527	5232	5336
254	327	344	657	839	858	860	1044	1086	1087	1207	1208	1209	1210	1495	1532	1533	1551	1556	1582	1583	1719	1722	1729	1731	1739	1745	1749	1760	1764	1768	1816	1817	1865	1866	2057	2108	2174	2191	2192	2193	2215	2296	2298	2373	2456	2458	2459	2528	2530	2531	2532	2533	2534	2536	2537	2538	2541	2542	2543	2544	2550	2551	2570	2572	2587	2814	2854	2855	2856	3110	3150	3162	3167	3203	3364	3492	3602	3834	3835	3836	4027	4077	4078	4088	4151	4218	4234	4235	4265	4503	4674	4706	4899	4928	4936	4970	4971	4972	5096	5163	5165	5236	5448	5486	5714	5778	5836	5848	6048	6049	6254	6334	6335	6403	6635	6667	6782	6851	6876	6892	6973	7079	7504	7521	7538	7611
1324	2248	2250	2251	2252	3312	3313	3314	3315	3316	4872	5370	7225
185	199	200	201	202	203	402	403	450	464	465	467	468	732	733	879	880	881	882	939	949	1157	1160	1234	1235	1358	1498	1586	1829	1830	1831	1832	1833	2394	2395	2467	2597	2599	2600	2794	2867	2907	3045	3184	3193	3194	3201	3596	3621	3634	3778	3928	3929	3930	3985	3986	3987	3988	4072	4073	4128	4133	4146	4147	4195	4196	4396	4397	4399	4466	4467	4471	4472	4491	4518	4535	4581	4623	4624	4645	4839	4868	4869	4870	4912	4945	4946	5003	5004	5055	5056	5057	5157	5158	5193	5194	5195	5196	5215	5216	5269	5270	5333	5412	5413	5451	5471	5620	5621	5622	5623	5637	5638	5687	5688	5779	5794	5795	5796	5804	5805	5811	5812	5874	5875	5876	5907	5908	5913	5914	5978	6001	6011	6016	6024	6050	6051	6095	6096	6097	6098	6099	6100	6106	6107	6108	6151	6152	6153	6209	6210	6256	6300	6356	6357	6369	6472	6492	6514	6572	6653	6658	6659	6713	6714	6715	6761	6762	6763	6769	6770	6814	6863	6905	6945	6968	7008	7104	7165	7167	7178	7188	7235	7236	7310	7382	7392	7393	7445	7446	7447	7465	7478	7486	7494	7506	7522	7523	7546	7562	7584	7589	7614	7619
1145	3265	3742	3743	4179	4180	4181	4182	4183	4514	4580	5019	5690	5844	6154	6155	7020	7021	7050	7140	7141	7142	7143	7145
3186	3236	3879	3880	3882	4328	4380	4430	4481	4483	4484	4485	4486	4489	4649	4696	4748	4749	4750	6236	6604	6656	6657	6881	6882	7062	7390
364	365	366	367	368	369	370	371	372	373	375	376	377	378	379	380	381	382	383	384	385	624	625	627	628	873	874	875	876	877	878	1305	1712	1844	1852	1853	1854	1855	1856	2185	2400	2401	2441	2442	2443	2447	2448	2449	2450	2452	2752	2753	2754	2756	2757	2860	2861	2883	2884	2886	3104	3105	3335	3552	3735	3779	3781	3782	3783	3800	4236	4379	4454	4505	4554	4784	4785	4847	4848	4849	4850	4940	5079	5088	5089	5318	5319	5320	5323	5325	5487	5521	5565	5648	5653	5698	5824	5898	5993	6181	6186	6595	6609	6950	7070	7071	7147	7148	7248	7323	7477	7534	7540
206	2018	2019	2020	2026	3237	3238	3239	3240	3241	4381	4382	4383	4601	4602	5388	5389	5390	5671	5988	5989	6132	6486	7491
1038	1039	1040	1041	6549
1149	1150	1151	1152	1153	1154	1155	1456	2204	2205	2206	3295	3521	4104	4105	4106	4107	4795	4796	4911	5207	5208	5537	5996	6136	6288	6433	6634	7083	7146	7544	7560	7599
51	3647	3648	4497	5899	7502	7564
1029	6377
361	362	363	451	452	454	1671	1674	1676	2001	2641	2902	2904	2905	2906	2910	2912	2913	2914	2947	3444	3933	4011	4050	4051	4190	5237	5302	6014	6017	6018	6019	6020	6021	6022	7499
1201	1699	1891	1892	1893	1894	1895	2499	2934	2935	2936	2937	2939	2941	5689	5802	6204	6205	6409	7191
62	1183	1184	1185	1187	2324	2325	3049	3050	3051	4132	4609	5169	6298	6299	6529	6530	6531	6532	7247	7574
61	63	67	68	69	1045	1048	1322	2077	2390	3253	3254	3341	3870	4474	4754	4755	4756	4757	5767	6559	6646	7559
210	926	1544	2602	3011	3331	3392	3393	3970	4587	4620	4675	4687	4688	4929	4964	5054	5100	5202	5831	5832	5987	6045	6124	6446	6888	7105	7496
204	205	236	237	238	390	391	392	393	394	395	396	397	399	400	401	670	671	884	886	887	973	974	975	977	978	1046	1047	1189	1190	1191	1192	1193	1194	1195	1196	1197	1198	1642	2610	2736	2737	2740	2741	2768	2769	2770	2771	2839	3377	3417	3457	3462	3464	3466	3467	3486	3538	3539	3562	3606	3608	3670	3688	3689	3691	3692	3693	3712	3713	3717	3718	3719	3721	4153	4154	4260	4290	4366	4461	4476	4477	4521	4523	4524	4525	4527	4528	4529	4543	4603	4604	4802	4933	4934	5098	5120	5121	5135	5178	5180	5182	5183	5187	5252	5305	5534	5563	5608	5624	5625	5635	5660	5835	5868	6039	6110	6253	6262	6301	6413	6422	6423	6427	6465	6481	6495	6496	6498	6499	6501	6538	6612	6672	6673	6946	6957	6995	7018	7061	7154	7155	7262	7366	7454
183	526	638	1020	1118	1121	1443	1448	1450	1717	2875	2876	3545	3549	3808	3881	3915	4278	4295	4327	4335	4819	4990	4991	5198	5199	5480	5501	5772	6219	6230	6463	6564	6735	6738	6740	6741	6743	6744	6745	6748	6749	6918	7328	7529
207	218	466	491	720	721	723	724	1159	1304	1306	1307	1308	2078	2079	2080	2082	2084	2085	2086	2087	2370	2563	2604	2605	3333	3508	3509	3510	4026	4551	5242	5367	5670	5819	5912	6338	6345	6736	7108	7109	7110	7180
1754	2372	3940	4155	4156	4677	4678	4681	5586	5587	5588	5589	6649	7130	7132
28	29	33	39	214	215	632	637	643	644	646	647	722	802	803	804	807	808	809	810	811	812	813	815	816	817	819	820	821	822	824	825	826	827	829	830	831	832	835	895	1024	1100	1259	1260	1261	1418	1419	1420	1421	1424	1425	1426	1427	1429	1431	1436	1437	1438	1491	1492	1566	1568	1605	1608	1609	1615	2355	2453	2455	2508	2509	2510	2514	2595	2790	2992	3036	3047	3216	3243	3278	3327	3328	3507	3528	3685	3764	3765	3766	3767	3805	3899	3934	3935	3937	3938	4045	4184	4276	4277	4293	4349	4354	4424	4425	4496	4653	4710	4721	4723	4724	4797	4887	4904	5081	5124	5600	5601	5925	5926	6002	6004	6261	6420	6421	6473	6474	6475	6494	6606	6611	6674	6675	6679	6680	6798	6835	6966	7048	7336	7337	7376	7397	7398	7483
