431	432	433	434	461	573	2009	2010	2552	2553	2616	2617	2788	2789	5403	5540	5541	5542	6247	7060	7215	7249	7581
354	358	495	541	542	544	547	673	1037	1334	2049	4167	4168	4344	4420	4501	4605	4607	4617	4638	4655	4708	4807	4808	4891	4926	5039	5040	5085	5099	5114	5235	5278	5288	5373	5860	5869	6180	6274	6276	6786	6890	7221	7222	7278
2042	2301	2776	3365	3563	3914	3946	3947	4145	4671	4800	6458	6576	6839	6840	6841	6842	6844	6845	6846
726	729	730	731	1330	1415	1416	1949	1956	1958	1962	1963	2027	2166	2367	2548	2994	3067	3069	3071	3074	4057	4058	4059	4299	5095	5127	5134	5136	5137	5883	6306	6878
175	181	187	190	192	193	196	526	912	1099	1102	1103	1104	1105	1107	1108	1112	1113	1114	1118	1119	1122	1174	1439	1440	1450	1664	1717	2098	2099	2273	2276	2279	2488	2490	2980	2982	3025	3101	3204	3206	3306	3307	3745	3785	3787	3788	3832	3876	3878	3915	3916	3918	3924	3925	4065	4066	4714	4895	4896	5476	5479	5480	5483	5885	6045	6224	6225	6230	6359	6468	6469	6489	6517	6564	6597	6628	6651	6739	6788	6797	6918	6919	7055	7254	7372	7453	7529	7603
1009	1012	1013	1014	1015	1016	1017	1018	1310	2805	3293	3294	3297	3298	3299	3301	4492	4493	4795	4796	5407	5408	5410	5411	5694	5695	5771	6218	6240	7375
603	605	1088	1089	1090	1091	1815	1991	1992	1993	1995	1997	1998	1999	2000	3127	3128	4388	4389	4780	5024	5025	5243	5246	5329	5538	5546	5721	5896	7158	7190	7378	7497
21	22	23	25	26	27	28	29	30	31	33	34	35	36	37	38	39	122	123	124	125	126	183	214	215	632	637	642	644	645	646	647	648	649	650	651	722	802	803	805	806	807	808	809	810	811	812	814	815	816	817	819	820	821	822	824	826	827	829	830	831	832	833	834	889	890	891	892	893	894	895	896	1024	1033	1034	1035	1036	1100	1260	1261	1289	1418	1420	1421	1424	1425	1426	1427	1431	1435	1437	1438	1491	1492	1566	1568	1605	1608	1932	1933	1934	1935	2083	2355	2356	2412	2453	2454	2455	2507	2508	2509	2511	2512	2513	2514	2515	2595	2790	2992	3024	3149	3218	3219	3220	3243	3271	3278	3288	3289	3290	3291	3292	3321	3322	3324	3325	3326	3327	3328	3329	3435	3506	3507	3528	3694	3764	3767	3784	3805	3847	3926	3927	3934	3935	3936	3937	3938	4049	4184	4267	4276	4277	4293	4327	4349	4475	4496	4548	4633	4634	4653	4710	4721	4722	4723	4724	4767	4768	4797	4887	4904	4938	5081	5109	5198	5199	5295	5296	5437	5583	5600	5601	5617	5643	5644	5780	5905	5926	5977	5998	5999	6002	6042	6164	6196	6261	6282	6322	6347	6420	6421	6473	6474	6475	6476	6494	6542	6606	6835	6847	6947	6966	7048	7174	7204	7205	7239	7336	7337	7350	7376	7397	7398	7416	7483
128	184	633	638	643	720	723	724	804	813	818	823	825	828	835	1020	1027	1028	1120	1121	1259	1419	1428	1429	1436	1443	1445	1448	1567	1604	1607	1609	1612	1613	1615	1654	1667	1668	2096	2506	2510	2823	2824	2825	2827	2875	2876	2896	3036	3047	3216	3281	3419	3436	3505	3526	3527	3530	3545	3546	3547	3549	3579	3685	3763	3765	3766	3808	3899	3917	3950	3964	4045	4089	4278	4295	4335	4354	4368	4369	4413	4414	4424	4425	4582	4747	4760	4819	4990	4991	5124	5179	5279	5501	5602	5624	5772	5912	5925	6004	6191	6219	6463	6611	6674	6675	6676	6677	6678	6679	6680	6735	6738	6740	6741	6742	6743	6744	6745	6746	6747	6748	6749	6789	6790	6794	6795	6796	6798	6800	6801	7057	7063	7328	7361	7404	7463	7475	7481
328	330	332	334	2070	2071	4719	4720	5094	5782	6997	7001	7172
135	141	144	150	157	158	470	508	509	510	511	512	514	515	516	517	601	602	947	948	950	951	953	954	955	1052	1126	1130	1656	1657	2005	2006	2007	2008	2334	2335	2336	3000	3052	3056	3062	3063	3064	3106	3187	3416	3993	3994	3995	3998	3999	4000	4001	4002	4944	5159	5160	5161	5313	5314	5381	6040	6362	6717	6718	6719	6956	6975	7151	7186	7368
475	476	961	962	967	968	2243	2852	2893	2894	3730	3731	3733	4667	4668	5067	5068	5257	5258	5259	5260	5261	6361
426	1127	1888	2059	2239	2241	2554	2759	3266	3267	3279	3387	3389	3960	3961	4169	4170	4419	4844	5391	5392	5460	5699	5781	5784	5944	6029	6031	6058	6848	6981	6982	7331	7332	7364	7458
335	336	337	338	660	844	981	982	984	985	986	988	989	990	993	994	996	997	998	1000	1002	1301	1302	1303	1321	1496	1497	1646	1649	1650	1814	1905	2028	2186	2207	2212	2267	2268	2420	2428	2429	2430	2431	2432	2433	2434	2435	2436	2437	2438	2439	2829	2879	2880	2990	3097	3099	3221	3618	3817	3851	3859	4042	4056	4219	4403	4407	4532	4725	4758	4791	4792	4793	4915	5023	5125	5143	5144	5228	5255	5518	5561	5590	5591	5639	5640	5706	5803	5814	5815	5816	5817	5845	5877	5878	5931	5949	5961	6070	6081	6085	6241	6485	6519	6650	6817	6838	6861	6941	6942	6951	7036	7043	7044	7112	7122	7131	7164	7319	7348	7391	7413	7427	7498	7511	7570	7571
1500	1501	1823	3843	3844	4090	5765	7509	7510
900	903	1029	1520	1521	1522	1523	1524	1525	1526	1527	1528	1529	1826	1828	2022	2023	2387	2862	2863	2864	2865	2866	2867	3210	3245	3536	3537	4074	4096	4101	4225	4245	4246	4248	4249	4670	4734	4735	4736	5105	5217	5225	5226	5286	5287	5511	5512	5513	6197	6273	6342	6586	6587	6593	6615	7358	7450
0	1	261	262	264	265	267	268	269	270	272	273	274	530	606	607	608	609	610	611	612	614	615	616	617	618	619	620	621	626	629	971	1166	1167	1168	1170	1171	1499	1589	1591	1592	1593	1594	1595	1596	1672	1673	1675	1677	1834	1835	1836	1837	1838	1839	1840	1841	1842	1843	1845	1846	1847	1848	1849	1850	1851	1868	1869	1870	1871	1872	2245	2246	2247	2299	2300	2302	2303	2305	2306	2307	2308	2309	2321	2322	2636	2637	2638	2639	2640	2642	2643	2644	2645	2646	2647	2755	2908	2911	2954	2955	2956	3031	3032	3112	3113	3160	3161	3174	3175	3246	3274	3287	3318	3353	3354	3360	3361	3390	3432	3663	3664	3665	3666	3667	3810	3838	3839	3840	3841	4013	4014	4015	4016	4017	4044	4050	4052	4053	4054	4055	4080	4189	4190	4191	4242	4280	4343	4494	4576	4577	4578	4771	4772	4787	4811	4867	4874	4992	5037	5038	5047	5058	5059	5060	5086	5087	5192	5238	5239	5240	5303	5414	5415	5416	5582	5631	5650	5651	5652	5674	5692	5827	5963	6010	6034	6156	6248	6249	6385	6392	6406	6407	6417	6418	6419	6439	6493	6573	6583	6616	6631	6688	6723	6724	6729	6730	6856	6891	6910	6944	6958	6959	6960	6974	7051	7092	7127	7128	7176	7194	7210	7237	7238	7383	7389	7411	7443	7524	7530	7541
4	1917	3465	3469	3484	3490	3722	3723	3738	4608	5482	5662	5825	5826	6293	6752	6773
94	108	746	754	755	775	778	781	784	2264	2656	2664	2667	2670	2679	2699	2705	3639	3979	4860	4861	5093	5206	5306	5995	6166	6705	6709	7377
216	219	275	277	279	284	289	294	1773	1776	2218	2219	2220	2221	2222	2224	2225	2425	2562	2589	2590	2775	3376	4317	4318	4319	4329	4330	4331	4478	4637	5231	5276	5277	5436	5747	5748	6352	6924	7025	7169	7606
266	271	1631	1632	2088	2089	2090	2091	2093	2870	2873	3229	3905	4499	4717	4718	5671	5758	5759	5762	5763	5764	5838	6165	6607	6737	7415
2836	2984	2985	2986	2987	2988	2989	3499	3501	4657	4658	4659	4661	4726	4727	4728	4729	5684	5702	5703	7207	7255	7256	7414
254	327	339	340	344	657	839	858	860	1044	1209	1493	1495	1532	1533	1534	1537	1538	1542	1551	1555	1583	1585	1695	1706	1719	1722	1729	1731	1733	1739	1741	1745	1749	1750	1751	1760	1762	1764	1767	1768	1816	1865	1866	2057	2108	2114	2117	2122	2174	2191	2192	2215	2269	2296	2298	2304	2373	2456	2458	2459	2528	2530	2531	2533	2534	2536	2538	2541	2542	2543	2544	2550	2551	2568	2570	2572	2587	2745	2746	2814	2815	2854	2855	2856	3078	3109	3110	3150	3162	3164	3167	3203	3364	3397	3400	3492	3602	3834	3835	3836	3889	4027	4077	4078	4079	4088	4218	4234	4251	4439	4458	4503	4707	4866	4899	4928	4936	4971	5096	5163	5165	5236	5400	5486	5755	5778	5836	5848	5984	6048	6049	6234	6254	6334	6335	6403	6454	6637	6667	6711	6782	6851	6876	6892	6973	7079	7082	7409	7504	7516	7538	7611
1885	1887	1889	2148	2760	3166	3231	3232	3475	3476	3660	3661	3662	4092	4093	4520	4564	4610	4611	4969	5359	5360	5441	5442	5551	5864	6395	6396	6397	6398	6399	6400	6401	6508	6883	6900	6952	6977	7166	7214	7457	7609
72	73	74	76	78	80	639	640	641	958	959	960	963	964	965	966	969	970	1215	1489	2841	2842	2846	3117	3433	3439	3619	3732	4233	4571	4852	5245	5280	5281	5293	5294	5334	5337	5338	5341	5342	5343	5507	5515	5525	5659	6324	6325	6351	6441	6802	6833	7153	7251	7373	7374	7508
228	229	231	232	233	446	583	584	1053	1054	1055	1056	1057	1061	1062	1065	1067	1068	1069	1092	1094	1095	1096	1226	1241	1246	1251	1602	1692	2011	2013	2262	2791	2802	2949	2950	2952	3040	3042	3086	3233	3352	3371	3372	3374	3391	3414	3609	3613	3614	3793	3797	3798	3799	3909	3910	3912	4023	4087	4371	4451	4452	4453	4646	4730	4731	4732	4786	4825	5012	5013	5014	5233	5272	5273	5274	5393	5395	5421	5464	5465	5466	5490	5491	5505	5506	5564	5573	5641	5642	5741	5743	5745	5818	5884	5918	5919	5973	5974	5980	6043	6141	6159	6171	6193	6260	6294	6410	6411	6428	6557	6582	6591	6592	6629	6685	6849	6862	6976	6996	7005	7006	7287	7325	7406	7490
185	554	622	623	880	926	929	930	931	932	1262	1311	1312	1498	1662	1936	1937	2626	2979	3014	3089	3090	3319	3320	3548	3573	3595	3597	3651	3652	3653	3697	3891	3958	3959	4129	4259	4301	4587	4588	4651	4692	4903	4999	5001	5005	5107	5117	5122	5209	5275	5315	5368	5378	5603	5604	5656	5661	5675	5720	5729	5732	5761	5829	5889	5903	5917	5946	5947	5987	6047	6069	6148	6402	6467	6470	6471	6525	6527	6626	6654	6655	6684	6689	6690	6698	6699	6708	6777	6793	6859	6871	7066	7088	7089	7115	7149	7193	7232	7253	7290	7291	7292	7293	7294	7295	7296	7297	7298	7299	7300	7301	7302	7303	7304	7305	7306	7307	7421
364	365	366	367	368	371	372	373	375	376	377	378	379	380	381	382	383	385	625	628	873	874	876	877	878	1305	1681	1712	1844	1852	1853	1854	1855	1856	2185	2400	2441	2443	2448	2449	2450	2452	2752	2753	2754	2756	2757	2860	2861	2883	2884	3104	3105	3335	3552	3735	3779	3781	3782	3783	3800	4236	4379	4415	4454	4554	4784	4785	4847	4848	4849	4850	4940	5079	5088	5089	5172	5318	5323	5487	5521	5565	5648	5698	5824	6181	6186	6327	6595	6609	6950	7070	7071	7147	7148	7248	7323	7534	7540
1066	3002	3093	3094	4833	5385	5386	5387	5461	5572	5857	6480	6668	6669	6681	7200
674	675	676	677	678	679	680	682	683	686	688	689	690	691	694	696	697	698	1663	1898	2100	2495	2496	2497	2821	2822	3152	3153	3423	3424	3786	4320	4445	4446	4447	4560	4561	4628	4691	4695	4697	4916	4925	4937	5078	5090	5615	5616	5770	5783	6037	6038	6250	6310	6316	6317	6318	6319	6320	6339	6442	6448	6449	6540	6937	6986	7081	7113	7133	7134	7242	7456	7536	7622
1109	1718	3496	3497	3875	4266	4268	4269	5724	5769	6080	6272	6602	6603	6811	6812	6998	7042	7208	7209	7313	7314	7471
170	249	251	253	256	324	326	342	343	347	348	441	442	560	561	654	655	659	843	846	848	851	859	863	864	865	942	995	1006	1042	1043	1207	1208	1210	1211	1268	1269	1270	1298	1299	1300	1325	1530	1531	1536	1539	1540	1541	1543	1546	1548	1557	1641	1648	1707	1724	1725	1726	1727	1728	1730	1732	1734	1737	1740	1742	1743	1744	1747	1753	1756	1761	1766	1817	1904	1988	2039	2051	2052	2053	2055	2101	2109	2111	2115	2116	2118	2119	2120	2121	2123	2124	2208	2214	2266	2457	2460	2461	2462	2463	2465	2466	2467	2535	2537	2620	2621	2794	2857	2897	3038	3146	3147	3165	3193	3194	3338	3347	3398	3493	3494	3495	3503	3564	3565	3594	3753	3837	3853	3860	3864	3985	3986	3987	3988	3991	4025	4235	4253	4265	4270	4530	4540	4541	4542	4642	4673	4680	4705	4706	4897	4898	4913	4935	4949	4970	4972	5307	5376	5562	5679	5691	5714	5715	5718	5726	6067	6068	6198	6239	6332	6405	6464	6510	6567	6670	6710	6716	6755	6765	6827	6954	7007	7016	7165	7327	7381	7436	7521	7565	7593	7621
177	178	182	189	408	410	411	520	521	522	523	524	525	527	528	529	531	532	553	555	557	763	1078	1101	1111	1449	1914	1915	1973	1974	2075	2272	2275	2629	2630	2631	2632	2633	2634	2635	2765	2766	2767	2966	2978	2981	3003	3107	3108	3205	3242	3332	3498	3524	3708	3709	3744	3746	3807	3809	3811	3812	3813	3814	3815	3816	3877	3881	3883	4100	4132	4198	4199	4200	4201	4326	4340	4341	4342	4422	4423	4448	4449	4538	4650	4711	4712	4713	4715	4716	5266	5430	5498	5739	5813	5923	6073	6074	6079	6179	6328	6336	6598	6642	6771	6792	6852	6873	6999	7245	7261	7399	7430	7472	7578	7602
2959	3627	3629	3806	6477	6727	6728	6914	6972	7387	7579	7620
138	155	166	276	278	280	281	285	286	287	288	290	291	293	295	296	425	492	1147	1228	1229	1271	1272	1275	1362	1363	1366	1370	1372	1716	2061	2062	2361	2362	2363	2364	2424	2970	2971	2972	2973	2974	3272	3273	3275	3412	3560	3771	3794	3943	4005	4022	4103	4188	4250	4305	4306	4307	4308	4310	4312	4314	4357	4392	4553	4663	4664	4801	4853	4977	4978	4996	5211	5253	5297	5311	5597	5774	5806	5853	5854	5855	5866	5922	6167	6266	6269	6302	6303	6304	6358	6444	6445	6554	6640	7011	7039	7040	7257	7289	7309	7380	7419	7549	7550
369	370	624	627	875	1169	2046	2047	2399	2401	2402	2886	3842	4281	4616	5320	5595	5596	5653	5867	5898	6035	6207	6348	7477
2975	2976	2977	3366	3367	3970	4620	4929	4964	5100	5201	5202	5203	5204	5205	5831	5832	6888
211	212	213	1380	1381	1382	1383	1384	1385	1386	1387	1388	1389	1390	1391	1392	1393	1394	1395	1396	1397	1398	1399	1400	1401	1402	1403	2280	2281	3043	3044	3045	3046	3519	3567	3568	3631	3922	4282	4599	4623	4624	4781	4782	4908	4909	5046	5118	5119	5157	5676	5799	5913	5914	5939	6490	6566
32	89	90	91	127	129	130	131	258	259	260	263	407	436	437	635	699	700	924	925	927	938	1049	1050	1051	1292	1293	1417	1708	1709	1710	1711	1713	1714	1715	1755	1782	1799	1810	2151	2169	2287	2288	2290	2291	2292	2293	2295	2391	2392	2413	2414	2417	2418	2483	2608	2611	2612	2614	2615	2730	2743	2762	2763	2764	2881	2882	2957	2964	3011	3098	3198	3209	3247	3248	3330	3331	3362	3363	3532	3601	3628	3695	3696	3698	3699	3700	3768	3821	3822	3966	4546	4585	4586	4590	4591	4593	4594	4632	4693	4858	4859	4968	5033	5053	5054	5175	5262	5267	5271	5332	5605	5632	5633	5678	5711	5712	5851	5970	5976	6008	6009	6093	6170	6188	6258	6414	6482	6529	6530	6686	6691	6692	6720	6899	6906	6907	6915	6939	6970	7049	7087	7091	7101	7102	7103	7105	7129	7152	7247	7250	7259	7281	7282	7346	7369	7396	7400	7423	7425	7429	7505	7539	7580	7613
4437	5166	5167	5620	5621	5622	5623	6769	6770	7012	7333	7506	7555	7577	7614
1201	1891	1892	1893	1894	1895	2499	2934	2935	2936	2937	2939	2941	6204	6205	6409	7191
1266	2155	2848	3620	3621	3622	3623	3624	3625	3626	4157	4158	5473	5474	6356	6357	7173	7592
2599	2600	4133	6016	6653	7235	7236	7382	7465
3	6	195	197	198	518	519	631	636	913	1106	1206	1404	1405	1406	1409	1423	1665	1789	1790	1798	2228	2229	2230	2231	2233	2234	2235	2365	2503	2505	2598	2742	2744	3009	3196	3244	3830	3984	4124	4125	4300	5006	5007	5008	5108	5197	5316	5510	5735	5736	5828	5830	5842	6062	6087	6168	6169	6187	6522	6589	6590	6645	6776	6949	7004	7056	7095	7096	7097	7196	7260	7334	7596
69	2076	2077	2390	4083	4474	4754	4755	4756	4757	5767	5768	6646
3122	3124	3856	4137	4621	4622	5254	6487	6488	6523
980	1565	2201	2202	2337	2347	2607	2609	2998	3016	3286	3333	3540	3615	3715	3867	4391	4698	5139	5928	5941	6118	6124	6314	6340	6500	6581	6756	7022
252	866	868	991	1231	1232	1233	2188	2297	2723	3491	3511	3512	3513	4441	4469	4470	4531	4669	4917	4922	4948	5667	6023	6086	6652	6984	7114	7206	7515
14	548	1511	1569	1570	1571	1619	1620	1930	1931	3156	3502	3740	3741	4685	5945	6808	7072
65	81	82	305	459	460	706	850	987	1158	1279	1280	1966	2087	2092	2248	2250	2251	2252	2253	2423	2502	3080	3163	3217	3223	3230	3252	3312	3313	3314	3315	3316	3317	3460	3561	3569	3669	3749	3906	3907	4063	4064	4081	4082	4084	4085	4261	4393	4630	4763	4764	4769	4871	4872	4873	4890	4930	5168	5249	5284	5369	5370	5371	5380	5665	5666	5700	5701	5766	5809	5901	5902	5909	5916	5972	6000	6363	6364	6365	6366	6367	6368	6370	6371	6372	6373	6375	6376	6378	6379	6380	6381	6383	6384	6555	6820	6868	7034	7035	7123	7225	7367	7371	7395	7518	7604	7617
44	48	1785	1786	1787	1788	1857	1859	2282	2283	2995	2996	3018	3649	3650	3944	4060	4061	4062	6252	6543	6544	6992	7073	7182	7572
3928	3929	3930	4146	4147	4945	4946	6472
66	88	167	168	169	171	172	173	174	224	225	239	250	255	257	325	345	346	349	558	559	562	563	564	565	567	652	653	656	666	837	838	840	841	842	845	847	852	853	854	855	857	861	862	867	869	983	992	1001	1003	1005	1098	1132	1320	1323	1326	1333	1451	1471	1545	1547	1550	1552	1553	1644	1645	1669	1678	1720	1721	1736	1738	1746	1752	1757	1759	1763	1765	1805	1899	1902	1945	2040	2056	2058	2102	2103	2104	2105	2107	2110	2112	2140	2189	2209	2210	2211	2213	2216	2217	2236	2237	2238	2260	2421	2426	3039	3068	3096	3143	3144	3148	3159	3255	3256	3257	3336	3337	3341	3345	3346	3396	3402	3504	3541	3542	3617	3754	3776	3852	3854	3855	3858	3861	3862	3863	3939	3989	4007	4008	4009	4010	4018	4036	4037	4038	4041	4043	4075	4217	4271	4350	4351	4352	4417	4418	4438	4533	4627	4639	4640	4641	4704	4855	4950	4951	4979	5066	5126	5154	5212	5214	5310	5409	5449	5450	5475	5514	5533	5599	5646	5663	5664	5668	5669	5846	5861	5979	5985	6041	6242	6255	6313	6353	6394	6450	6507	6558	6560	6623	6624	6625	6750	6760	6779	6813	6815	6818	6826	6828	6853	6854	6886	7017	7028	7175	7203	7339	7340	7362	7384	7424	7476	7519	7576	7605
297	298	300	301	302	589	590	1600	2125	2126	2127	2128	2129	2130	2131	2132	2133	2134	2135	2136	2137	2138	2139	2141	2142	2143	2144	2145	2146	2147	2164	2165	2180	2181	2182	2183	2184	2310	2468	2469	2470	2471	2472	2473	2474	2475	2476	2477	2478	2479	2480	2573	2574	2575	2929	2930	2931	2932	2933	3137	3703	3704	3705	3707	3962	3963	3972	3973	3974	3975	3976	3977	3978	3980	3981	3982	4108	4243	4353	4444	4488	4539	5041	5458	5459	5577	5578	5579	5613	5614	5693	5752	5785	5786	5787	5788	5789	5790	5791	5792	5797	6083	6172	6173	6229	6245	6311	6312	6388	6443	6478	6483	6513	6563	6600	6617	6683	6775	6780	6884	6908	6909	6930	6955	6985	7106	7198	7234	7388	7410	7467
556	634	1441	1509	1510	1512	1513	1606	1614	1633	1634	1636	1803	1807	1808	1809	1812	1940	1941	2038	2095	2351	2352	2353	2354	2407	3005	3006	3114	3280	3282	3724	3802	3890	3892	3893	3894	4502	4694	5142	5424	5425	5426	5427	5428	5429	6135	6434	6751	6912	6913	7116
836	943	944	1007	1008	1281	1282	2606	2618	2622	2623	3368	3589	3590	3591	4262	4263	4264	4462	4955	4956	5213	5420	6090	6287	6289	6290	6291	6292	7312	7347
77	79	374	418	1643	2427	2500	2501	2845	2847	2849	2850	2851	2853	3075	3076	3199	3200	3426	3427	3471	3472	4416	4910	5379	5943	5962	6594	7085
908	909	911	1610	2278	2895	3760	3774	3775	3903	4194	5477	5837	6660	6696	6697	7003	7492	7493	7598
711	2396	2397	2398	2648	3228	3448	3449	3450	3451	3755	4228	5285	6726	6902	7552
597	600	1011	1494	1554	1616	1748	1818	1867	2194	2257	2464	2529	2532	2564	2565	2566	2567	2569	2588	2738	2739	2816	3111	3308	3309	3310	3311	3342	3343	3344	3395	3514	3515	3516	3534	3535	4076	4151	4203	4204	4230	4231	4252	4272	4273	4274	4275	4408	4440	4597	4598	4674	4753	4984	4985	4986	5075	5076	5419	5472	5485	5592	5593	5594	5696	5753	5754	5833	5849	6177	6178	6393	6404	6515	6687	6774	6874	6893	6916	6988	6993	6994	7000	7029	7074	7120	7181	7351	7448	7449	7527	7528	7543	7569	7594	7595
11	939	3201	3202	5907	5908	6945	7188
1234	1235	1237	3967	3968	3969	4128	7589
464	465	467	468	2907	5471	6024	6572	7486
1314	1315	2081	4923	5218	5308	5309	6662
4602	5988	5989	6486	7491
3265	3742	3743	4179	4180	4181	4182	4183	4580	6154	6155	7020	7021
1965	1967	1968	2619	2751	3222	3224	3227	3780	5543	6149	6331	6430	6431	7243	7244	7403	7474
1488	1490	1701	3477	3478	5492	5496	5566	5798	6052	6053	6054	6663	7090	7435
147	217	419	443	444	445	448	449	766	785	956	1059	1060	1063	1164	1165	1182	1222	1223	1227	1230	1248	1252	1257	1360	1361	1367	1369	1374	1601	1691	2060	2285	2286	2561	2726	2727	2728	2731	2732	2733	2793	3189	3407	3409	3611	3795	3796	4046	4047	4303	4309	4311	4313	4315	4377	4733	4907	4914	5434	5520	5598	5628	5800	5807	5808	5823	5927	6056	6143	6157	6158	6412	6539	6630	6872	7080	7093	7094	7183	7216	7330	7343	7479	7531
503	504	505	1670	2016	2017	2581	2830	5062	5063	5064	5065	5418	6935
316	317	1666	2826	2828	2871	2963	3079	3081	3082	3195	3197	3759	3945	4505	4980	4981	4983	5417	6584
83	84	85	86	87	849	1906	1907	1908	1909	2724	2725	2919	2920	2991	3033	3034	3035	3714	4612	4613	4614	4615	4665	5263	5705	5707
479	593	594	595	596	1316	1317	1318	1319	1873	1876	1877	1878	1880	1881	1882	1883	1884	4635	6286	7513
450	949	3880	4649	6011	6095	6096	6097	6098	6099	6100	6656	6659	6905	7584
4562	4563	4799	4894	5571	7532
314	315	952	1079	1080	1081	1082	1083	3268	4148	4149	4150	4788	4789	4856	4857	5547	5727	5728	5801	6579	7047	7121	7162
1976	2270	2277	2284	2386	2389	2403	2405	2406	2408	2734	2735	3010	3176	3177	3178	3236	3258	3259	3339	3340	4068	4134	4135	4136	4384	4386	4481	4483	4484	4485	4487	4489	4490	4519	4752	4773	4775	5026	5027	5028	5029	5030	5123	5634	5655	5657	5834	5906	5936	5992	6140	6142	6163	6257	6305	6387	6426	6541	6644	7320	7349	7359	7503
361	362	363	451	452	453	454	455	1671	1674	1676	2001	2641	2902	2903	2904	2905	2906	2910	2912	2913	2914	2947	3444	3933	4011	4051	5237	5302	6014	6017	6018	6019	6020	6021	6022	7499
12	179	1161	2366	3102	3587	4067	4296	4297	4298	4346	4348	4573	4574	4690	4982	5971	6003	6235	6237	6511	6565	6766	6767	6867	7138
2556	3725	3727	3728	5975	6545	6546	7170	7171
1470	1472	1556	1758	2054	2393	3302	3303	3304	3305	3394	3401	4024	4039	4040	5101	5102	5103	5115	5116	5227	5383	5384	5681	5839	5840	5890	5891	6453	6638	6706	6707	7026
569	574	575	580	4358	4682	4683	4765	4766	5455	6341	7500	7501
1116	1117	2256	3913	4220	4221	5522	5523	5524	5658	5940	5942	6837	7485
604	1216	1413	1414	1517	1806	2063	2064	2065	2068	2158	2889	2890	2891	3249	3250	3734	3845	3846	3941	3942	4304	4479	4480	4626	4759	4827	5312	5335	5377	5493	5495	5497	5612	6101	6243	6694	6695	6962	7466
1587	1588	2066	2175	2176	2177	2601	2602	2603	3251	4939	5256	6055	6460	6461	6462	6831	6832	7496
61	63	64	67	68	1048	1322	3253	3254	3870	6559	7559
320	1097	1238	1244	1245	1250	1253	1254	1256	1874	1875	3296	3373	3415	3554	3706	3911	4086	4549	4550	4815	5423	5504	5722	5723	6201	7013	7461
430	578	581	885	1274	1309	1432	1433	1518	1519	1624	1625	1626	1627	1628	1629	1630	1679	1680	1682	1684	1896	1897	2161	2654	2678	2926	2927	2928	3260	3680	3897	3898	3908	4378	4552	4555	4556	4557	4558	4570	4596	4877	4878	4879	4880	4881	4882	4883	4884	4885	4960	6192	6212	6344	6610	6682	6731	6732	6920	7064	7098	7099	7452	7601
546	662	734	1332	1946	1947	1948	1950	1952	1953	1954	1955	1957	1959	1960	1961	1964	2152	2167	2168	2571	2576	2578	2579	2584	3021	3070	3073	3610	3736	3831	3888	4138	4141	4152	4256	4404	4405	4406	4455	4457	4459	4761	4762	4973	4974	4975	4976	5048	5049	5130	5133	5327	5328	5361	5405	5527	5556	5557	5558	5559	5560	5606	5725	5858	5895	5921	6044	6059	6195	6804	6926	6927	6928	6929	7432	7440	7585	7591
176	1277	2232	2484	2485	2486	2487	3923	4450	4652	4875	4876	4998	5000	5298	5299	5300	5438	5440	6088	6220	6382	6520	6921	6922	6948	6989
180	736	928	937	1328	1329	1444	1544	1797	1977	1978	2021	2489	2498	2948	2965	2968	3207	3848	4675	4686	4687	4688	4696	4818	4828	4931	5080	5882	6161	6162	6175	6226	6446	6502	6503	6504	6613	6904	6953	7390	7401	7563
42	43	941	1639	1640	2844	4579	5412	5413	5516	5517	6639	6647	6725	6858	7078	7310	7459	7460
1562	1563	3408	4482	5672	5673	5713	5911	6103	6104	6105	7241	7283	7284	7285	7286
472	474	1597	1598	1599	4012	4595	5584	5733	6091	7556	7557	7616
2	5	7	591	592	598	799	800	801	1276	2504	3522	3523	4434	4435	4436	4471	4472	4491	4783	4900	4901	4902	5264	5265	6843	7494
658	1564	1693	1694	2178	2179	2190	2585	2605	3026	3027	3028	3029	3030	4820	4821	4889	4961	5406	6736	6860	6917	7180	7482	7566
717	1074	1075	1076	1077	2254	2255	2274	2357	2359	2360	4473	4869	4918	4919	5188	5189	5530	5531	5532	5897	6199	7547
204	207	466	721	1159	1306	1308	2078	2079	2080	2082	2084	2085	2086	2370	2563	2604	3508	3509	3510	4026	4551	5242	5367	5819	6338	6345	7108	7109	7110
137	165	513	551	552	1058	1243	1373	1578	1886	2797	2800	2803	2804	2806	2810	3235	3261	3262	3264	3413	4568	4843	5104	5140	5351	5354	5356	5358	7451
462	463	2404	2539	2540	2591	2592	3158	3348	3349	3350	3351	3403	3404	3405	3406	5190	5191	5957	5958	6267	6268	6369	6492	6700	6980	7279	7280	7329	7392
1951	2394	2395	4396	4397	4399	5873	6060	6061	6863
2813	3095	3399	3777	4244	4322	4323	4324	4504	4625	5164	5344	5345	5346	5347	5348	5744	5991	6810	6894	7308
1086	1087	1582	1584	1586	1829	1830	2193	5448	5779	5978	7218
47	1135	1136	1138	1140	1200	1516	1979	2067	2924	3119	3120	3121	3896	4656	4660	4846	4947	4993	5402	5865	5986	5994	6160	6238	6263	6264	6265	6408	6437	6552	6764	6923	7433
59	1137	1142	1658	1659	1660	1661	1996	2369	2892	2898	2899	2900	2901	3170	3171	3172	3173	3441	3442	3443	3865	4172	4173	4174	4175	4508	4509	4510	4511	4512	4513	4959	5052	5176	5177	5184	5219	5220	5221	5292	5746	5751	5773	5820	5821	5822	6071	6251	6337	6781	6864	6931	7139	7412	7551	7553
477	478	480	481	482	483	568	570	571	856	1647	2159	2160	2187	2203	2818	2819	2820	3641	3642	3643	3778	4028	4029	4030	4031	4032	5153	5155	5156	5447	5719	6200	6693	7030	7160
1145	1689	3091	3092	4514	5019	5488	5489	5690	5844	5870	5872	6030	6297	6349	6350	7140	7141	7142	7143	7144	7145	7610
299	485	489	1224	1621	1622	1942	1943	1944	2729	2795	3065	3517	3592	4159	4160	4355	4572	4805	4806	5082	5151	5618	5619	5682	5683	5920	6006	6007	6232	6308	6309	6438	6816	6822	6823	6855	6933	7288	7315	7316	7322	7422
1434	1969	1970	1971	2113	2858	3037	3334	3369	3370	4130	4131	4942	5034	5035	5073	5074
2720	2721	2722	2872	4336	4337	4338	4679	4751	5462	6596	6627	6636	7264
899	1294	1295	1296	1297	1324	1827	2374	2375	2376	2377	2378	2379	2380	2381	2382	2383	3452	3453	3454	3455	4019	4020	4021	4339	4398	4842	4927	5535	5924	5983	6089	6246	6665	7135	7136
428	883	1064	1128	1131	1212	1213	1579	1580	1581	1987	1990	2041	2043	2044	2045	2240	2481	2557	2951	3168	3169	3411	3533	3701	4094	4798	4829	4830	4831	4832	4834	4836	4837	4838	4840	4841	5470	6046	6671	6768	6938	7489	7525	7548
210	435	440	1026	2409	2613	2761	4376	5224	5250	5251	6321	7385
2018	2019	2020	3237	3238	3239	3240	5388	5389	5390	6132
550	1989	3386	3456	3462	3479	4241	4260	4421	4526	5097	5141	5223	6121	6870	7033	7118
897	898	905	1290	3920	4224	4247	4390	5106	5629	5630	5756	5950	5951	5952	5953	5954	5955	6221	6222	6277	6374	6377	6424	6936	7202	7353	7354	7355	7356
199	200	201	202	203	1831	1832	1833	2597	2940	4645	4839	5015	5016	5017	5158	5269	5270	5847	6300	6658	6968	7014	7317	7318
226	227	1031	1263	1264	1265	1267	1696	1702	1994	2153	2154	2156	2157	2312	2314	2316	2319	2320	5244	5247	5331	5981	5982	6223	6991	7024	7379	7545	7587
940	1430	1802	1860	1861	1862	3001	3208	3885	3886	3887	4433	4636	5145	5146	5147	5567	5948	5990	6562	7230	7360	7386	7600
488	787	1148	1162	1163	1172	1173	1176	1177	1178	1179	1180	1181	1452	1453	1454	1455	2012	3138	3139	3140	3141	3142	3323	3630	3948	3949	4048	5394	5439	5730	6574	6575	6733	6821	7226	7227
384	613	933	934	935	2410	2442	2444	2445	2446	2451	2885	3550	3551	3553	4794	4941	4943	5317	5319	5321	5322	5324	5325	5886	5964	5965	5966	5967	5968	5969	6547	6869	7068	7069	7229
240	241	242	243	244	245	246	247	248	1637	1638	1921	1922	1923	1981	1982	1983	1984	1985	1986	2106	2328	2329	2330	2331	2332	2333	2772	2773	2774	2777	2778	2779	2780	2781	2782	2783	2784	2785	2786	3518	3593	3750	3751	3752	3772	3773	4812	4813	4814	5032	5804	5805	6278	6279	6280	6296	6354	6355	7031	7077	7184	7185	7240	7338	7462	7546	7623
1590	1916	1918	3083	3084	3225	3654	3655	3656	3658	3659	3739	4409	4410	4411	4412	4851	5042	5043	5044	5045	5401	5508	5509	5734	6281	6857	7335
1291	6761	6762	6763
120	737	744	748	770	2687	3557	3558	4325	5431	5580	5581	6244	7487
5333	5687	5688	7178
220	292	473	879	881	882	1038	1039	1040	1041	1186	1358	1378	1379	1483	1484	1485	1486	1487	1858	1863	1864	2249	2313	2318	2831	2832	2833	2834	2993	3023	3066	3100	3103	3145	3154	3155	3157	3359	3428	3429	3430	3431	3473	3474	3596	3632	3633	3634	3644	3645	3646	3657	3673	3674	3675	3684	3900	3901	4195	4196	4347	4372	4373	4374	4375	4381	4382	4383	4629	4868	4870	4912	4932	5003	5004	5020	5021	5022	5055	5056	5057	5193	5194	5195	5196	5210	5215	5216	5365	5443	5456	5457	5494	5637	5638	5794	5796	5811	5812	5856	6001	6050	6051	6106	6107	6108	6151	6152	6153	6256	6259	6389	6514	6534	6535	6536	6537	6549	6588	6713	6714	6715	6721	6722	6814	6819	6850	6875	7015	7023	7104	7119	7224	7341	7342	7393	7445	7446	7447	7478	7522	7523	7618
8	914	1110	1278	1407	2002	2003	2004	2358	2967	2983	3185	3186	3445	3446	3682	3683	3756	3757	3879	3882	3884	4161	4294	4328	4380	4430	4486	4537	4741	4742	4743	4744	4745	4746	4748	4749	4750	5478	6236	6436	6518	6604	6657	6881	6882	7052	7053	7054	7062
735	906	907	910	915	916	917	918	919	920	921	922	923	1070	1408	1502	1503	1504	1560	1561	1603	1819	1820	1821	1822	1824	1825	1975	2171	2271	2384	2385	3129	3130	3131	3132	3133	3134	3135	3136	4091	4109	4110	4111	4112	4113	4114	4115	4116	4117	4118	4119	4120	4121	4122	4123	4740	5435	5610	5611	5626	5627	5710	5716	5738	5929	5956	5993	6092	6134	6618	6643	6877	6911	6943	7002	7038	7179	7219	7495	7533
18	19	45	46	49	50	52	53	56	60	75	1133	1134	1139	1141	1143	1144	1146	1199	1202	1203	1204	1205	1214	1217	1218	1219	1220	1221	1410	1411	1412	1514	1515	1697	1698	1700	1704	1705	2172	2173	2315	2326	2327	2368	3115	3116	3118	3434	3931	3932	4333	4360	4361	4362	4363	4364	4365	4400	4559	4826	5051	5301	5750	6185	6622	6712	6834	7027	7437	7438
1549	1754	2372	3123	3125	3940	4155	4156	4677	4678	4681	5586	5587	5588	5589	6649	7130	7132
870	2031	2032	2094	2197	2198	2199	2200	2338	2339	2340	2342	2343	2344	2345	2346	2348	2349	2350	2447	2628	3017	3459	3520	4126	4127	4232	5959	5960	6326	6497	6570	6571	6753	6754	6895	6969	6987	7010	7041	7150	7568	7582
438	439	456	457	458	901	902	904	1021	1327	1442	1651	1901	1903	2624	2625	2627	2868	2969	3758	3849	4095	4097	4098	4099	4737	4738	4739	4774	4790	5268	5484	5685	5686	5795	5938	6174	6285	6307	6425	6664	6865	6866	7032
701	702	703	704	705	707	708	709	710	712	713	714	715	716	718	719	1335	1337	1338	1339	1345	1346	1347	1348	1349	1350	1352	1353	1354	1355	1357	1359	1463	1465	1473	1474	1475	1476	1477	1478	1479	1480	1481	1482	1791	1792	1793	1794	1795	1796	1924	1925	1926	1927	3544	3671	3672	3748	3820	3833	4226	4227	4229	4534	4536	4823	4824	5009	5010	5200	5843	5859	5910	6176	7363	7588
142	1469	1617	1618	2915	2916	2917	2918	3211	3212	3213	3214	3234	3710	3711	3828	3829	4835	4994	4995	4997	5084	5091	5793	5810	5862	5863	6231	6533
10	398	406	976	979	1175	2072	2341	2787	2837	2838	2840	2961	2962	2997	2999	3285	3379	3380	3383	3384	3385	3458	3470	3480	3481	3482	3483	3485	3487	3488	3489	3570	3571	3572	3574	3575	3576	3577	3687	3690	3716	3720	3866	3868	3869	4238	4288	4289	4461	4575	4589	4662	4709	4817	4987	4988	4989	5222	5248	5349	5503	5607	5636	5660	5933	5934	6025	6026	6027	6028	6076	6077	6078	6109	6110	6111	6112	6113	6114	6115	6116	6117	6119	6120	6122	6123	6125	6127	6128	6129	6130	6131	6440	6447	6578	6934	7199	7263	7455	7586
186	194	221	341	630	1022	1023	1025	1422	1446	1447	1611	1635	1655	1804	1811	1813	2149	2150	2170	2289	2294	2415	2419	2594	2596	2958	2960	3007	3048	3226	3270	3392	3393	3529	3531	3803	3804	3895	4163	4164	4202	4367	4495	4506	4592	4672	4689	4854	4965	4966	4967	5609	6005	6033	6208	6283	6666	6791	6799	6879	6901	6990	7065	7442	7480
222	223	487	490	2942	2943	2944	2945	2946	4426	4699	4700	4701	4702	4703
13	15	16	17	20	51	54	55	57	58	1980	2015	2516	2517	2518	2519	2520	2521	2522	2523	2524	2525	2526	2527	2874	2923	3647	3648	4497	4547	4963	5232	5336	5899	7502	7564
1125	2811	2812	3355	3356	3358	3598	3676	3677	3678	3679	3681	4187	4212	5552	5553	5554	5892	5893	6137	6138	6139	6452	7050	7156	7157	7211	7228
321	429	484	1683	1686	2195	2196	3055	3276	3277	3770	3983	3996	4004	4356	4906	5150	5229	5463	5575	6233	6829	6830	6896	6897	7075	7076	7161	7321
205	209	236	238	390	391	393	394	395	396	397	399	400	401	585	586	670	671	972	973	974	975	977	978	1045	1046	1047	1123	1124	1189	1190	1191	1192	1193	1194	1195	1196	1197	1198	1642	1919	1920	2610	2736	2737	2741	2839	3377	3378	3381	3382	3417	3421	3422	3457	3464	3466	3467	3468	3486	3538	3539	3562	3606	3608	3670	3688	3689	3691	3692	3693	3712	3713	3717	3718	3719	3721	4237	4239	4291	4292	4366	4523	4525	4527	4528	4529	4543	4802	4803	4804	5098	5120	5121	5178	5252	5305	5534	5563	5608	5625	5635	5835	5868	6039	6262	6413	6427	6465	6481	6495	6496	6498	6499	6501	6509	6538	6614	6946	6957	6995	7061	7154	7155	7177	7366	7426
40	41	303	304	306	307	308	309	310	311	312	313	386	387	388	389	587	588	681	685	687	692	695	1340	1341	1462	3192	3871	3872	3873	3874	4185	4186	4464	4465	5289	5290	5291	5467	5468	5677	5731	6072	6206	6459	6479	6577	6805	6806	6807	7067	7137	7220	7583	7608
1505	1506	1507	1508	3769
1157	1160	1304	1307	1313	4535	5451	6209	6210	7008
1225	3388	3525	5036	5469	5879	5880	6189	6190	6940
9	188	1236	1375	1376	1377	1652	1653	1972	2073	2074	2371	2411	2416	3126	3971	4431	4432	5002	5241	5904	6066	6094	6526	6528	7352	7507
218	493	494	496	497	498	499	500	501	502	538	539	540	543	545	599	3616	3957	3990	4283	4618	4619	5536	5670	5697	6012	6013	6036	6568	6783	6784	6785	6887	6963
1283	1284	1285	1286	1287	1288	3418	3578	3580	3581	3582	3583	3584	3585	3586	3588	4583	4584	5502	5852	5894	6270	6271	6521	6965
133	139	146	152	153	156	163	164	230	234	319	322	413	414	417	422	423	957	1093	1242	1247	1249	1255	1258	1368	1623	1685	1688	1780	1879	2482	2758	2798	2801	2807	2809	3057	3060	3269	3447	3543	3904	4143	4144	4165	4166	4222	4223	4287	4334	4442	4443	4644	4647	4648	4905	5173	5350	5352	5353	5355	5357	5422	5446	5574	5576	5647	5654	6032	6295	6360	6553	6641	6704	7086	7324	7484	7567	7573
533	534	1769	1770	1771	1772	1774	1775	1777	1778	1779	1781	2069	4102	4332	4581	4862	4863	4864	4865	4888	5396	5397	5398	5399	6343	6619	6620	6809	7311	7418
70	71	2747	2748	2749	2750	3283	3284	4544	4545	4809	5174	5932
350	351	352	353	355	356	357	360	506	507	549	661	663	664	665	667	668	669	672	1004	1156	1331	1535	1900	1910	1911	1912	1913	1938	1939	2048	2050	2163	2226	2227	2259	2491	2492	2493	2494	2577	2580	2582	2583	2586	2817	2859	2909	2953	3004	3020	3151	3461	3463	3603	3604	3605	3636	3638	3668	3737	3789	3790	3791	3792	3827	4139	4140	4142	4171	4192	4193	4240	4345	4401	4402	4456	4460	4498	4522	4606	4654	4684	4770	4810	4822	4892	4893	4924	4952	4953	4954	5050	5083	5110	5111	5112	5113	5149	5170	5234	5304	5326	5372	5374	5375	5526	5528	5529	5548	5549	5550	5555	5585	5717	5740	5749	5760	5850	5881	5937	5997	6075	6084	6133	6150	6194	6211	6275	6315	6390	6391	6415	6416	6429	6435	6505	6506	6512	6524	6531	6532	6556	6569	6580	6599	6601	6605	6648	6703	6778	6836	6898	6925	6971	6979	7037	7045	7058	7084	7107	7159	7192	7195	7201	7213	7223	7246	7258	7265	7266	7267	7268	7269	7270	7271	7272	7273	7274	7275	7276	7277	7357	7365	7370	7407	7431	7439	7441	7512	7558
945	1723	2869	2887	2888	2921	2922	3824	3902	3951	3952	3953	3954	3955	4069	4359	4845	4920	4921	5069	5070	5071	5077	5340	5404	5649	5742	5871	6701	6702	6880	6889	7009	7187	7189	7252	7344	7402	7417	7535
62	1183	1184	1185	1187	1188	2323	2324	2325	3049	3050	3051	3956	4609	5169	6298	6299	7574	7612
1699	3500	4776	4777	4779	4962	5282	5283	5339	5568	5569	5570	5689	5802	5900	6632	6961
191	404	405	409	936	1558	2097	2388	3008	3012	3013	3015	3965	4279	4385	4428	4429	5171	6386	6585	6621	7100	7394	7420	7468	7469	7590	7597
402	403	732	733	3801	4466	4467	6333	6484	7167	7345	7562	7619
486	684	693	1030	1032	1336	1342	1343	1344	1351	1356	1457	1458	1459	1460	1461	1464	1466	1467	1468	5445	5454	6548	6967	7111	7428
2593	4284	4285	4286	4500	4957	4958	5072	5452	5453	5499	5500	6147	7124	7125
999	4515	4516	4517	4518	5874	5875	5876
871	872	7444	7470
283	1800	1801	1928	1929	2162	2265	2555	2558	2559	2560	2792	3085	3087	3088	3263	3375	3599	3600	3729	4003	4070	4071	4205	4206	4207	4208	4209	4210	4211	4213	4214	4215	4216	4631	4643	4666	4816	5011	5018	5539	6015	6183	6184	7126
92	93	95	96	97	98	99	100	101	102	103	104	105	106	107	109	110	111	112	113	114	115	116	117	118	119	121	427	535	536	537	572	576	582	738	739	740	742	743	745	747	749	750	751	752	753	756	757	758	759	760	761	762	764	765	767	768	769	771	772	773	774	776	777	779	780	782	783	786	788	789	790	791	792	793	794	795	796	797	798	1071	1072	1073	1572	2014	2261	2263	2311	2649	2650	2651	2652	2653	2655	2657	2658	2659	2660	2661	2662	2663	2665	2666	2668	2669	2671	2672	2673	2674	2675	2676	2677	2680	2681	2682	2683	2684	2685	2686	2688	2689	2690	2691	2692	2693	2694	2695	2696	2697	2698	2702	2703	2704	2706	2707	2708	2709	2710	2711	2712	2713	2714	2715	2716	2717	2718	2719	2835	2843	3215	3556	3559	3566	3640	3686	4162	4197	4302	4316	4321	4387	5031	5092	5432	5544	5545	5704	5887	5888	6057	6082	6182	6213	6214	6215	6216	6217	6329	6330	6516	6561	6608	6772	7168	7217	7326	7405	7408	7520	7526	7542
1084	1085	1783	1784	2877	2878	3555	4257	4258	6063	6064	6065	6102	6126	6202	6203	6346	6455	6903	7117
1559	1703	2242	2244	2317	2938	3019	3437	3438	3440	3726	3761	3762	4778	5061	5330	5362	5363	5364	5841	6284	6983	7046	7464
471	1365	1890	2700	3059	3823	3825	3826	3850	4370	5708	5709	6432	6757	6758	6759	7231	7554	7561
566	1735	2258	2422	3077	3612	3857	5645	6145	6146	6491	6635	6932	7059	7197	7537
132	134	136	140	143	145	148	149	151	154	159	160	161	162	235	282	318	323	412	415	416	420	421	424	447	469	491	741	946	1115	1129	1239	1240	1364	1371	1573	1574	1575	1576	1577	1687	1690	2223	2796	2799	2808	2925	3053	3054	3058	3061	3188	3190	3191	3300	3410	3425	3702	3992	3997	4006	4033	4034	4035	4427	4468	4565	4566	4567	4569	4676	5152	5162	5230	5366	5737	5775	5776	5777	5915	6144	6803	7212	7233	7488
206	208	237	392	579	725	727	728	884	886	887	888	2024	2025	2026	2029	2030	2033	2034	2035	2036	2037	2440	2545	2546	2547	2549	2740	2768	2769	2770	2771	3022	3072	3241	3607	4153	4154	4290	4395	4463	4476	4477	4507	4521	4524	4600	4601	4603	4604	4933	4934	5128	5129	5131	5132	5135	5138	5180	5181	5182	5183	5185	5186	5187	5930	6253	6301	6422	6423	6466	6612	6672	6673	7018	7019	7262	7434	7454	7473	7514	7607
577	1273	2206	2701	3357	3521	4176	4177	4178	4886	5148	5519	5757	5996	6227	6228	6288	6451	6734	6787	6964	6978	7560	7599	7615
1010	1019	1149	1150	1151	1152	1153	1154	1155	1456	2204	2205	3295	4104	4105	4106	4107	4911	5207	5208	5537	6136	6433	6633	6634	6661	7083	7146	7544
24	3747	5382	5444	5481	5680	6323	6456	6457	6550	6551	7163
329	331	333	3041	3420	5433	6824	6825	7517
359	3179	3180	3181	3182	3183	3184	3635	3637	3818	3819	3919	3921	4072	4073	4254	4255	4394	5935	6885	7575
