283	1800	1801	1928	1929	2161	2162	2265	2558	2559	3085	3087	3088	3263	3375	3599	3600	3729	4003	4070	4071	4205	4206	4207	4208	4209	4210	4211	4213	4214	4215	4216	4631	4816	5011	5018	5539	6015	6183	6184	7126
3	6	191	195	197	198	409	631	913	936	1206	1404	1405	1406	1423	1798	2228	2229	2230	2232	2233	2235	2484	2485	2486	2487	2598	3009	3196	3830	3831	3923	3965	3984	4279	5006	5007	5008	5197	5298	5299	5300	5316	5483	5510	5735	5736	5828	5830	5842	6088	6168	6187	6382	6520	6522	6585	6589	6590	6645	6776	6948	6949	6989	7095	7096	7097	7196	7260	7420	7590	7596
1587	1588	2175	2176	2177	2601	2603	3249	3251	4759	4939	5256	5261	6264	6460	6461	6462	6831	6832
211	212	213	1380	1381	1382	1383	1384	1385	1387	1388	1389	1390	1391	1392	1393	1394	1395	1396	1397	1398	1399	1400	1401	1402	1403	2280	2281	3043	3044	3046	3519	3567	3568	3922	4282	4599	4781	4782	4908	4909	5046	5118	5119	5676	5799	5939	6490
199	200	201	202	203	1064	1128	1131	1212	1213	1225	1579	1580	2557	2597	2951	3388	3411	3525	4645	4798	4839	5036	5158	5269	5270	5469	5879	5880	6189	6190	6300	6768	6938	6940	7489	7525	7548
261	264	265	267	268	269	272	273	274	606	607	608	610	612	614	616	618	619	620	621	1166	1167	1168	1171	1499	1589	1590	1591	1594	1595	1596	1677	1846	1869	2299	2300	2302	2303	2305	2306	2307	2308	2321	2322	2638	2639	2645	2908	2955	2956	3031	3032	3112	3174	3175	3246	3360	3663	3665	4013	4014	4016	4017	4044	4052	4053	4054	4055	4189	4242	4280	4343	4771	4787	4811	4851	4867	4874	4992	5047	5238	5239	5416	5692	5827	6034	6156	6249	6417	6418	6419	6439	6493	6616	6723	6856	6874	6891	6910	6960	6974	7127	7128	7210	7383	7411	7541
29	33	39	214	215	632	637	643	646	647	720	722	723	802	803	804	807	808	809	810	811	812	813	815	816	817	818	821	823	825	826	828	830	831	832	835	1024	1120	1259	1260	1261	1418	1419	1424	1425	1427	1428	1429	1431	1436	1437	1438	1491	1492	1566	1604	1605	1608	1609	1615	1654	1655	1667	1668	1940	1941	2096	2355	2455	2506	2508	2509	2510	2514	2594	2595	2596	2823	2824	2825	2992	3036	3047	3216	3220	3243	3271	3278	3281	3282	3327	3507	3526	3530	3685	3763	3765	3766	3767	3805	3899	3917	3934	3935	3938	3964	4045	4089	4267	4268	4276	4277	4293	4349	4354	4368	4369	4413	4424	4425	4496	4582	4634	4653	4710	4721	4723	4724	4747	4797	4887	4904	5124	5600	5601	5602	5912	5925	5962	6002	6004	6261	6282	6473	6474	6475	6494	6611	6674	6675	6676	6677	6678	6679	6680	6742	6790	6795	6798	6835	6966	7048	7063	7336	7337	7361	7376	7397	7398	7404	7481	7483
593	594	595	596	1316	1317	1318	1319	1770	1873	1876	1877	1878	1879	1880	1881	1882	1883	1884	3211	3213	3214	4635	6286
885	1309	3276	4877	4878	4879	4880	4881	4882	4883	4884	4885	6731	6732	6920
70	71	673	1188	2747	2748	2749	2750	3230	3283	3284	3286	4544	4545	4579	4809	5174	5932	6725
475	476	961	962	967	968	2243	2893	2894	3500	3730	3731	3733	4667	4668	5067	5068	5257	5258	5259	5260	6361
40	41	303	304	306	307	308	309	310	311	312	313	386	387	388	389	587	588	677	679	681	684	685	687	692	695	1340	1341	1462	3192	3871	3872	3873	3874	4185	4186	4464	4465	5289	5290	5291	5467	5468	5677	5731	6072	6206	6459	6479	6548	6577	6778	6805	6806	6807	7067	7137	7220	7426	7512	7583	7608
1055	1365	1890	2011	2012	2013	2700	2949	2950	3086	3372	3391	3414	3793	3796	3823	3825	3826	4730	4731	4732	4733	5012	5013	5014	5708	5709	5818	6432	6757	6758	6759	7231	7554	7561
364	365	366	367	368	371	372	373	375	376	377	379	380	381	382	383	384	385	613	625	873	874	876	877	878	933	934	935	1305	1712	1852	1853	1854	1855	1856	2185	2400	2441	2442	2443	2444	2445	2446	2447	2448	2449	2450	2451	2452	2621	2752	2753	2754	2756	2757	2861	2883	2884	2885	3104	3105	3550	3552	3553	3735	3779	3781	3782	3783	3800	4236	4379	4415	4454	4505	4554	4784	4785	4848	4849	4850	4941	4943	5020	5021	5022	5079	5088	5089	5317	5318	5319	5320	5321	5322	5323	5324	5325	5565	5648	5698	5886	5964	5965	5966	5967	5968	5969	6181	6186	6326	6327	6547	6595	6609	6869	6950	7068	7069	7070	7147	7148	7229	7248	7323	7534	7540
486	702	703	704	705	707	708	709	710	711	712	713	714	715	716	718	719	1030	1032	1335	1336	1337	1338	1339	1342	1343	1344	1345	1346	1347	1348	1349	1350	1351	1352	1353	1354	1355	1356	1357	1359	1457	1458	1460	1461	1463	1464	1465	1466	1467	1468	1469	1473	1474	1475	1476	1477	1478	1479	1480	1481	1482	1791	1792	1793	1794	1795	1796	1924	1925	1926	1927	3544	3671	3672	3748	3820	3833	4226	4227	4229	4534	4536	4823	4824	5454	5793	5843	5859	5909	5910	6176	6383	6967	7363	7428	7588
554	622	623	926	929	931	932	1262	1311	1312	1662	1936	1937	2948	2979	3014	3090	3319	3320	3548	3573	3595	3597	3651	3652	3653	3697	3891	3958	3959	4129	4259	4301	4588	4692	4999	5005	5107	5117	5209	5275	5315	5368	5378	5603	5604	5605	5655	5656	5661	5675	5720	5732	5761	5762	5889	5903	5917	5946	5947	6047	6069	6148	6402	6470	6471	6626	6684	6689	6690	6698	6777	6793	6859	6871	7066	7088	7089	7115	7149	7193	7232	7253	7290	7291	7292	7293	7294	7295	7296	7297	7298	7299	7300	7301	7302	7303	7304	7305	7306	7307	7421
254	327	344	657	839	846	858	860	1044	1207	1208	1209	1210	1495	1530	1531	1533	1536	1537	1538	1539	1540	1542	1551	1555	1557	1583	1585	1719	1722	1731	1733	1739	1741	1745	1749	1751	1764	1768	1816	1817	1865	1866	2108	2114	2117	2174	2191	2215	2269	2298	2456	2457	2459	2461	2528	2530	2533	2536	2537	2538	2570	2572	2814	2855	2856	3078	3150	3162	3164	3167	3203	3397	3492	3602	3834	3835	3836	3837	4027	4078	4088	4218	4234	4235	4265	4540	4541	4706	4866	4935	4970	4971	4972	5096	5163	5165	5400	5486	5714	5836	5848	6067	6334	6403	6637	6667	6710	6711	6782	6851	6876	6973	7079	7504	7516	7521	7538	7611
177	178	182	189	408	410	411	520	521	522	523	524	525	527	528	529	531	532	553	555	557	763	1078	1099	1101	1104	1111	1113	1114	1119	1122	1440	1449	1914	1915	1973	1974	2075	2098	2272	2275	2276	2488	2629	2630	2631	2632	2633	2634	2635	2765	2766	2767	2966	2978	2981	2982	3003	3089	3107	3108	3205	3242	3332	3496	3497	3498	3524	3708	3709	3746	3807	3809	3811	3812	3813	3814	3815	3816	3876	3877	3881	3883	4100	4198	4199	4200	4326	4340	4341	4342	4422	4423	4448	4449	4538	4650	4711	4712	4713	4715	4716	5266	5430	5498	5739	5769	5813	5885	5923	5990	6073	6079	6179	6224	6225	6328	6336	6468	6489	6597	6598	6642	6771	6788	6797	6852	6873	6998	6999	7042	7230	7245	7399	7430	7471	7472	7529	7600	7602
3144	3145	3146	3148	3154	3155	3473	3474	4350	5212	6588
1706	1750	1758	1762	2051	2052	2296	2373	2393	2815	2816	4039	4040	5164	5227	5383	5384	5890	5891	6453	6454	6894	7026
299	314	315	321	484	952	1059	2195	2196	3268	3269	4788	4789	4906	5547	5575	5727	5728	5801	6233	6823	7047	7161	7162
350	351	352	353	355	356	357	358	360	506	507	546	549	661	662	663	664	665	667	668	669	672	734	1004	1156	1281	1282	1331	1332	1535	1899	1900	1910	1911	1912	1913	1938	1939	1946	1947	1948	1950	1952	1953	1954	1955	1957	1959	1960	1961	1964	2048	2049	2050	2152	2163	2167	2168	2226	2227	2259	2491	2492	2493	2494	2571	2576	2577	2578	2579	2580	2582	2583	2584	2586	2616	2617	2817	2859	2909	2953	3004	3020	3021	3070	3073	3151	3180	3183	3456	3461	3463	3603	3604	3605	3609	3610	3638	3668	3736	3737	3789	3790	3791	3792	3827	3888	3889	4138	4139	4140	4141	4142	4152	4171	4192	4193	4240	4256	4344	4345	4401	4402	4404	4405	4406	4455	4456	4457	4459	4460	4498	4500	4501	4522	4606	4654	4684	4761	4762	4770	4810	4820	4822	4891	4892	4893	4924	4952	4953	4954	4955	4973	4975	4976	5039	5048	5049	5050	5083	5099	5110	5111	5112	5113	5130	5133	5149	5170	5234	5235	5304	5326	5327	5328	5361	5372	5374	5375	5405	5406	5452	5526	5527	5528	5529	5548	5549	5550	5555	5556	5557	5558	5559	5560	5585	5606	5717	5725	5740	5749	5760	5850	5854	5858	5860	5881	5895	5921	5937	5997	6010	6044	6075	6084	6133	6150	6194	6195	6211	6275	6315	6390	6391	6415	6416	6429	6435	6505	6506	6512	6556	6567	6569	6580	6599	6601	6648	6703	6803	6804	6836	6890	6898	6925	6926	6927	6928	6929	6971	6979	7037	7045	7058	7060	7084	7107	7159	7192	7195	7201	7213	7215	7223	7246	7258	7265	7266	7267	7268	7269	7270	7271	7272	7273	7274	7275	7276	7277	7357	7365	7370	7407	7431	7432	7439	7440	7441	7558	7585	7591
66	167	168	169	171	172	173	174	225	250	255	345	346	349	441	442	558	559	560	562	563	564	565	567	653	655	656	666	837	838	841	845	847	849	852	853	854	855	857	862	867	992	995	1005	1132	1333	1451	1547	1550	1553	1678	1720	1725	1727	1736	1738	1746	1753	1757	1759	1761	1763	1765	1805	2039	2040	2056	2058	2102	2103	2104	2105	2107	2112	2208	2209	2210	2211	2213	2217	2238	2260	2266	2426	2465	3143	3255	3257	3336	3337	3345	3346	3402	3565	3852	3854	3855	3858	3861	3862	3863	3864	3989	4007	4009	4010	4018	4025	4036	4037	4271	4351	4352	4418	4533	4627	4639	4640	4641	4677	4704	4855	4913	4950	4951	4979	5310	5376	5409	5449	5450	5514	5533	5646	5664	5979	6242	6255	6333	6394	6510	6558	6623	6624	6625	6750	6779	6826	6828	6853	6854	7028	7175	7362	7476	7576	7605
699	701	717	1074	1075	1076	1077	1313	1459	2254	2255	2357	2359	2360	4473	4918	4919	5188	5189	5200	5444	5445	5530	5531	5532	5897	6046	6199	6640	7259	7547
1581	1886	2926	4562	4563	4799	4800	4894	5571	7532
92	93	94	95	96	97	98	99	100	101	102	103	104	105	106	107	108	109	110	111	112	113	114	115	116	117	118	119	120	121	333	427	535	536	537	572	576	582	737	738	739	740	742	743	744	745	746	747	748	749	750	751	752	753	754	755	756	757	758	759	760	761	762	764	765	767	768	769	770	771	772	773	774	775	776	777	778	779	780	781	782	783	784	786	787	788	789	790	791	792	793	794	795	796	797	798	1071	1072	1073	1572	2014	2261	2263	2264	2311	2649	2650	2651	2652	2653	2655	2656	2657	2658	2659	2660	2661	2662	2663	2664	2665	2666	2667	2668	2669	2670	2671	2672	2673	2674	2675	2676	2677	2678	2679	2680	2681	2682	2683	2684	2685	2686	2687	2688	2689	2690	2691	2692	2693	2694	2695	2696	2697	2698	2699	2702	2703	2704	2705	2706	2707	2708	2709	2710	2711	2712	2713	2714	2715	2716	2717	2718	2719	2835	2843	3041	3215	3556	3557	3558	3559	3566	3639	3640	3686	3979	4162	4197	4302	4316	4321	4325	4387	4860	4861	5031	5092	5093	5206	5306	5431	5432	5544	5545	5580	5581	5704	5887	5888	5995	6057	6082	6182	6213	6214	6215	6216	6217	6244	6329	6330	6516	6561	6608	6705	6709	6772	7168	7217	7326	7377	7405	7408	7487	7520	7526	7542
61	63	67	68	1045	1048	1322	3253	3254	3341	3870	6559	7559
485	489	1079	1080	1081	1082	1083	1621	1622	2560	2729	2795	3065	3517	3592	4148	4149	4150	4159	4160	4355	4572	4805	4806	4856	4857	5082	5151	5463	5618	5619	5682	5683	5920	6006	6007	6232	6308	6309	6438	6579	6816	6822	6855	6933	7121	7288	7315	7316	7321	7322	7422
187	196	928	940	1439	2270	2406	2489	2963	2965	2968	3008	3010	3204	3206	3207	3208	3745	3785	3786	3787	3788	4201	5080	5145	5147	6387	6953
2249	2358	2967	3185	3229	4372	4373	4374	4375	5210	5758	5759	5764	5856	6875	7023
297	298	300	301	302	589	590	2125	2126	2127	2128	2129	2130	2131	2132	2133	2134	2135	2136	2137	2138	2139	2141	2142	2143	2144	2145	2146	2147	2164	2165	2180	2182	2183	2184	2310	2468	2469	2470	2471	2472	2473	2474	2475	2476	2477	2478	2479	2480	2573	2574	2575	2929	2930	2931	2932	2933	3137	3702	3703	3704	3705	3707	3962	3963	3972	3973	3974	3975	3976	3977	3978	3980	3981	3982	4108	4243	4353	4444	4539	5458	5459	5577	5578	5579	5613	5614	5693	5752	5785	5786	5787	5788	5789	5790	5791	5792	5797	6083	6172	6173	6229	6245	6311	6312	6388	6443	6478	6483	6513	6563	6600	6617	6683	6775	6780	6884	6908	6909	6930	6955	6985	7106	7198	7234	7388	7410	7467
3232	3323	4046	4048	4610	4611	4914	5393	5394	5395	5441	5442	5551	5919	6398	6400	6508	6574	6575
1272	1274	1624	1625	1626	1627	1628	1629	1630	2561	2654	2974	3409	3795	4378	4552	4555	4556	4557	4558	4960	5927	6610	7064	7080	7343	7452
175	181	186	188	190	192	193	912	1102	1103	1105	1106	1107	1108	1112	1174	1407	2273	2274	2279	2490	2980	3101	3186	3306	3307	3832	3882	3916	3918	3924	3925	4065	4066	4124	4328	4380	4537	4714	4741	4742	4743	4744	4745	4895	4896	5476	5477	5480	5609	6080	6359	6469	6502	6604	6628	6651	6739	6839	6881	6918	6919	7055	7056	7062	7372	7453
9	1236	1237	1375	1376	1377	1652	1653	1972	2073	2074	2369	2371	2826	3126	3967	3968	3969	3971	4431	4432	4433	5002	5241	5904	6066	6094	6526	6528	7352	7507
1283	1284	1285	1286	1287	1288	3578	3580	3581	3582	3583	3584	3585	3586	3587	3588	4295	4296	4298	4583	4584	4990	4991	5502	5852	5894	6270	6271	6521	6524	6965
2539	2540	3158	3348	3351	5957	5958	6023	6267	6268	6700	7279	7280
503	504	505	2016	2017	2404	2581	2829	2830	3096	3099	5062	5063	5064	5065	5418	6935
1149	1150	1151	1152	1153	1154	1155	1456	2204	2205	2206	3295	3521	4104	4105	4106	4107	4795	4796	5207	5208	5537	5996	6288	6433	6634	7083	7146	7544	7560	7599
431	432	433	434	459	461	573	871	872	2009	2010	2552	2553	2788	2789	4821	5403	5540	5541	5542	6247	7249	7444	7470	7581
361	362	363	451	452	454	1671	1674	1676	2641	2902	2904	2905	2906	2910	2912	2913	2914	2947	3444	3933	4011	4051	5237	5302	6014	6017	6018	6019	6020	6021	6022	7499
226	227	603	604	1216	1267	1321	1413	1414	1696	1702	1806	2063	2064	2065	2066	2068	2153	2154	2155	2156	2157	2158	2312	2316	2319	2320	2841	2842	2889	2890	2891	2892	3250	3732	3734	3845	3846	3931	3932	3941	3942	4480	4626	5247	5331	5335	5377	5494	5495	5497	5507	5612	6223	6243	6694	6695	6962	7024	7173	7437	7438	7466	7592
135	141	144	150	157	158	282	429	470	491	508	509	510	511	512	514	515	516	517	601	602	947	948	950	951	953	954	955	1052	1115	1126	1129	1130	1573	1574	1575	1577	1578	1656	1657	1682	2005	2006	2007	2008	2334	2335	2336	2831	2832	2833	2834	2925	2927	2928	3000	3002	3052	3054	3055	3056	3058	3061	3062	3063	3064	3106	3187	3416	3769	3770	3771	3994	3995	3996	3998	3999	4000	4002	4004	4306	4566	4944	5150	5159	5160	5161	5229	5230	5313	5314	5381	5775	6040	6266	6362	6717	6718	6719	6829	6830	6956	6975	7075	7076	7186	7257	7368
1769	1771	1772	1774	1775	1777	1778	1779	1781	2069	6343	7418
240	241	242	243	244	245	246	247	248	1637	1638	1921	1922	1923	1981	1982	1983	1984	1985	1986	2042	2106	2328	2329	2330	2331	2332	2333	2772	2773	2774	2776	2777	2778	2779	2780	2781	2782	2783	2784	2785	2786	3365	3518	3593	3750	3751	3752	3772	3773	3914	4145	4565	4671	4812	4813	4814	5032	6278	6279	6280	6296	6297	6354	6355	6576	6840	6841	6842	6844	6845	6846	7031	7077	7184	7185	7240	7338	7462	7623
83	84	85	87	1907	1908	1909	2724	2725	2919	2920	2991	3033	3034	3035	3122	3714	4612	4613	4614	4615	4665	5263	5705	5707
2836	2984	2986	2987	2988	2989	3499	3501	4657	4658	4659	4660	4661	4726	4727	5402	5684	5702	5703	6764	6991	7207	7255	7256	7414
1562	1563	4482	4911	5672	5673	5713	6103	7241	7283	7284	7285	7286
72	73	74	76	78	80	639	640	641	958	959	960	963	964	965	966	969	970	1215	1489	3117	3433	3439	3619	4233	4571	4852	5280	5281	5293	5294	5334	5338	5341	5342	5343	5515	5525	5659	6441	6802	6833	7153	7251	7373	7374	7508
6761	6762	6763
59	2901	3170	3171	3172	3173	3441	3442	3443	3865	4172	4173	4174	4175	4508	4509	4510	4511	4512	4513	5052	5219	5220	5221	5746	5820	5821	5822	6337	6781	6864	7139	7412
430	1432	1518	1519	1896	1897	6344	6912
898	900	903	1029	1520	1521	1522	1523	1524	1525	1526	1527	1528	1529	1826	1828	2022	2023	2387	2862	2863	2864	2865	2866	2868	3209	3210	3245	3536	3537	4074	4096	4097	4101	4224	4225	4390	4670	4734	4735	4736	5105	5286	5287	5950	5953	5954	5955	6197	6273	6342	6377	6458	6593	6615	6936	7358
133	139	146	152	156	164	230	413	422	423	446	957	1062	1066	1093	1226	1242	1244	1247	1249	1252	1253	1255	1256	1257	1258	1368	1623	1685	1688	1780	2285	2286	2482	2758	2791	2793	2798	2807	3040	3296	3415	3447	3543	3611	3613	3706	3904	4143	4144	4165	4166	4223	4287	4334	4442	4443	4644	4648	4905	5173	5329	5350	5352	5353	5355	5357	5422	5423	5504	5574	5576	5647	5654	6141	6193	6201	6295	6360	6412	6553	6582	6630	6641	6685	6704	7013	7086	7287	7324	7325	7479	7484	7490	7567	7573
316	317	1483	1484	1485	1486	1487	1663	1664	1665	1666	3025	3100	4320	5078	6584	6644	6937	7113
577	1125	2701	2811	2812	3355	3356	3357	3358	3563	3598	3676	3677	3678	3679	3680	3681	4176	4177	4178	4187	4212	5519	5552	5553	5554	5892	5893	6137	6138	6139	6451	6452	6734	6964	6978	7050	7156	7157	7211	7228
1532	2053	2467	2794	3193	3194	3778	3985	3986	3987	3988	4897	4899	7165
24	2396	2397	2398	2648	3152	3153	3177	3228	3448	3449	3450	3451	3755	4228	4445	4446	4447	4519	5009	5010	5285	5481	5680	5783	6163	6456	6457	6540	6541	6726	6902	7552
185	879	880	881	882	1498
836	943	944	1007	1008	2082	2606	2618	2622	2623	3368	3551	3589	3590	3591	4262	4263	4264	4322	4324	4462	4625	5213	5420	5744	6090	6166	6287	6289	6290	6291	6292	6858	7312	7347
2720	2721	2722	2872	4336	4337	4338	4499	4679	4751	5462	6164	6165	6596	6627	6636	7264
597	600	1493	1494	1554	1616	1748	1760	1818	2057	2192	2194	2257	2304	2458	2464	2529	2531	2532	2534	2541	2542	2543	2544	2564	2565	2566	2567	2569	2587	2588	2854	3109	3110	3111	3308	3309	3310	3342	3343	3344	3364	3395	3514	3516	4076	4077	4079	4151	4203	4204	4251	4252	4272	4275	4408	4439	4503	4597	4598	4674	4753	4928	4936	5075	5076	5236	5419	5479	5485	5592	5593	5594	5696	5753	5754	5755	5778	5833	6048	6049	6254	6335	6393	6404	6515	6633	6635	6687	6774	6892	6893	6988	6993	6994	7000	7029	7074	7082	7120	7181	7448	7449	7543	7569	7603
30	438	439	456	457	458	462	463	897	901	902	904	1021	1327	1651	1901	1902	1903	2591	2592	2624	2625	2627	2969	3349	3350	3758	4095	4098	4099	4737	4738	4739	5148	5190	5191	5268	5484	5657	5685	5686	5938	6174	6227	6228	6285	6307	6424	6425	6664	6865	6866	6980	7032	7615
2018	2019	2020	3236	3237	3240	3241	4430	4481	4483	4484	4485	4486	4487	4488	4489	4490	4600	4748	4749	4750	5123	6466	6882
19	45	46	47	49	50	52	56	60	75	1133	1134	1135	1136	1138	1139	1140	1141	1143	1144	1146	1199	1200	1202	1203	1204	1205	1214	1217	1218	1219	1220	1221	1410	1411	1412	1514	1515	1516	1517	1570	1698	1700	1704	1705	2067	2172	2173	2315	2326	2327	2368	2923	2924	3115	3116	3118	3119	3120	3121	3434	3896	4333	4360	4361	4362	4363	4364	4365	4400	4479	4559	4656	4825	4826	4947	4993	5051	5245	5301	5312	5337	5340	5750	5865	5994	6101	6160	6185	6265	6408	6409	6437	6622	6712	6923	7027
4515	4516	4517	4518	5874	5875	5876
460	698	1324	2248	2250	2251	2252	3103	3312	3313	3314	3315	3316	3317	3460	3907	4085	4393	4871	4872	5370	5443	5456	5457	6318	6319	6320	7225	7618
899	1294	1295	1296	1297	1827	2374	2375	2376	2377	2378	2379	2380	2381	2382	2383	3452	3453	3454	3455	4019	4020	4021	4339	4842	4927	5535	5924	5983	6089	6246	6374	6665	7135	7136	7354
28	128	183	184	526	633	638	1020	1025	1027	1028	1100	1118	1121	1443	1448	1450	1607	1612	1613	1717	1718	2827	2875	2876	2896	3418	3419	3436	3505	3545	3549	3579	3808	4278	4327	4335	4414	4760	4819	5198	5199	5279	5501	5772	6191	6219	6230	6463	6564	6606	6735	6738	6740	6741	6743	6744	6745	6746	6747	6748	6749	6789	6794	6796	6800	6801	7057	7065	7328	7463	7475
2099	3023	3024	3654	3655	3656	3657	3658	3659	5401	5583	6389	6467	6850	7341	7342
369	370	378	624	627	628	875	1844	2046	2047	2089	2090	2301	2399	2401	2402	2860	2886	3335	4616	4847	4940	5487	5521	5595	5596	5653	5867	5898	5930	5993	6035	6207	6348	6364	7071	7477	7607
275	285	289	292	4005	5365	6721	6722
426	1127	1243	1373	1888	2059	2239	2241	2554	3266	3267	3279	3387	3389	3960	3961	4169	4170	4419	4568	4844	5358	5359	5391	5392	5460	5699	5781	5784	5864	5944	6029	6031	6058	6159	6848	6981	6982	7331	7332	7364	7406	7458
1224	1942	1943	1944	2555	2792	4643	4666
1086	1087	1582	1584	1586	1829	1830	2193	5448	5779	5978	7218
207	218	222	223	464	465	466	467	468	487	518	519	721	724	939	1109	1116	1117	1157	1159	1160	1304	1306	1307	1308	1434	1505	1506	1507	1508	1693	1694	1695	1831	1832	1833	2077	2078	2079	2080	2084	2085	2086	2113	2370	2390	2550	2551	2563	2604	2907	2940	2942	2943	2944	2945	2946	3124	3201	3239	3333	3369	3370	3508	3509	3510	3621	3626	3669	3673	3674	3675	3856	3928	3929	3930	4026	4125	4130	4131	4137	4195	4196	4266	4269	4381	4382	4383	4426	4458	4535	4551	4602	4621	4622	4699	4700	4701	4702	4703	4754	4755	4756	4757	4912	5015	5016	5017	5193	5194	5195	5196	5242	5254	5333	5367	5388	5389	5390	5412	5413	5451	5471	5473	5474	5637	5638	5670	5687	5688	5804	5805	5819	5847	5907	5908	5988	5989	6001	6024	6132	6169	6209	6210	6256	6324	6325	6338	6345	6356	6357	6472	6486	6487	6488	6523	6572	6602	6603	6646	6658	6811	6812	6945	6968	7004	7008	7014	7015	7108	7109	7110	7178	7188	7208	7209	7310	7313	7314	7317	7318	7478	7486	7491	7546
11	180	194	736	1026	1328	1329	1444	1544	1797	1977	2021	2097	2170	3005	3006	3330	3392	3393	3710	3711	4202	4675	4686	4687	4688	4689	4693	4696	4746	5417	6045	6161	6162	6175	6226	6446	6503	6562	6613	6904	7087	7091	7254	7386	7390	7400	7401	7429	7563
1201	1699	1891	1892	1893	1894	1895	2934	2935	2936	2937	2939	2941	5689	5802	6204	6205	7191
450	949	3879	3880	4649	6011	6095	6096	6097	6098	6099	6100	6656	6657	6659	6905	7584
1361	1500	1501	1600	1603	1823	3157	3428	3429	3430	3431	3843	3844	4090	4091	5765	6259	6534	6535	6536	6537	6618	7038	7179	7509	7510
13	15	16	17	18	20	51	53	54	55	57	58	1979	1980	2015	3647	3648	4304	4497	4547	4827	4962	4963	5899	6834	7433	7502	7564
1470	1471	1472	2054	2116	2813	3095	3302	3303	3304	3305	3394	3399	3777	4244	4504	5344	5345	5346	5347	5348	5691	5991	6638	6810	7308
2921	2922	3900	3901	3902	6701	6702	7189	7252	7417
2091	2256	3913	4220	4221	4717	4718	4967	5522	5523	5524	5658	5763	5838	5940	5941	5942	6827	6837	7485
2394	2395	4396	4397	4398	4399	6369	6492	6863	7392
404	405	1558	3571	3946	3947	4428	4429	4903	5171	5172	6386	7100	7394
1916	1918	3083	3084	3225	4409	4410	4411	4412	5042	5043	5044	5045	5508	5509	5734	6281	6857	7335
328	329	330	331	332	334	2070	2071	3420	4719	4720	5094	5433	5782	6997	7001	7172
1031	1670	1708	1709	1710	1711	1713	1714	1715	1755	1969	1970	1971	2858	3037	3039	3098	3334	3362	3363	3541	3542	4008	4942	5033	5034	5035	5262	5981	5982	6691	6692	6970	7346	7539	7613
2959	3627	3629	3803	3806	3850	3885	3886	3887	6477	6727	6728	6901	6914	6972	7387	7579	7620
0	1	530	615	626	629	971	1169	1170	1593	1834	1835	1836	1837	1838	1839	1840	1842	1843	1845	1847	1848	1849	1850	1851	1868	1870	2246	2247	2755	3161	3274	3287	3318	3353	3354	3432	3838	3839	3840	3841	3842	4080	4191	4281	4576	4577	4578	5037	5038	5086	5087	5414	5582	5650	5651	5652	5674	5963	6631	6688	6724	6729	6944	6958	6959	7092	7389	7530
533	534	1162	1163	4102	4332	4862	4863	4864	4865	4888	5084	5354	5396	5397	5398	5399	5922	6619	6620	6809	7227	7311
496	550	1917	3379	3386	3465	3469	3484	3490	3722	3723	3738	4260	4526	4608	4709	5222	5223	5224	5482	5662	5825	6293	6752	6773	7033
204	205	209	236	237	238	390	391	392	393	394	395	396	397	399	400	401	670	671	884	886	887	972	973	974	975	977	978	1046	1047	1124	1189	1190	1191	1192	1193	1194	1195	1196	1197	1198	1642	1919	1920	2610	2736	2737	2740	2741	2768	2769	2770	2771	2839	3238	3377	3378	3381	3382	3417	3421	3422	3457	3462	3464	3466	3467	3468	3486	3538	3539	3562	3606	3608	3670	3688	3689	3691	3692	3693	3712	3713	3717	3718	3719	3721	4153	4154	4239	4290	4291	4292	4366	4461	4476	4477	4521	4523	4524	4525	4527	4528	4529	4543	4662	4802	4803	4804	4933	4934	5098	5120	5121	5135	5141	5178	5180	5182	5183	5187	5252	5305	5534	5563	5608	5624	5625	5635	5636	5671	5835	5868	6039	6110	6253	6262	6301	6413	6422	6423	6427	6465	6481	6495	6496	6498	6499	6501	6509	6538	6612	6614	6672	6673	6946	6957	6995	7018	7061	7154	7155	7177	7262	7366	7454
472	473	585	586	1857	1858	2993	3527	3630	3631	3632	3633	3684	4060	4062
1378	1379	2314	2318	3359	4629	7119	7224
866	870	2024	2029	2030	2031	2032	2033	2034	2035	2036	2094	2197	2198	2199	2200	2338	2339	2340	2342	2343	2344	2345	2346	2347	2348	2349	2350	2607	2628	2871	3016	3017	3079	3081	3082	3459	3520	3540	3867	4126	4127	4232	4391	4507	5139	5140	5240	5959	5960	6340	6385	6497	6500	6570	6571	6581	6753	6754	6895	6969	6987	7010	7150	7473	7568	7582
252	868	991	1231	1232	1233	1325	2118	2297	2723	3491	3494	3511	3512	3513	4270	4441	4469	4470	4530	4531	4669	4898	4917	4922	4948	5667	6086	6198	6652	6984	7043	7044	7114	7206	7515
1186	3644	3645	3646	4347	6819	7041
1038	1039	1040	1041	6549
64	435	937	1442	1976	2277	2386	2389	2403	2405	2408	2410	2498	3176	3178	3339	3340	3744	3848	3849	4068	4384	4385	4386	4752	4773	4774	4775	4790	4794	4983	5026	5028	5029	5030	5834	5936	5992	6140	6142	6257	6305	6321	6426	7261	7320	7349	7359	7468	7469	7503
1386	3045	4623	4624	5157	5913	5914	6566
1689	3091	3092	5339	5488	5489	5870	5871	5872	6263	6349	6350	6351	6552	7344	7610
1965	1966	1967	1968	2751	3780	5543	5824	6149	6331	6430	6431	7174	7243	7244	7281	7403	7474
474	801	1597	1598	1599	2002	2003	2004	2372	3184	3403	3404	3405	3406	3634	3747	4012	4072	4073	4156	4437	4471	4472	4491	4595	4678	4681	4868	4869	4870	4956	5055	5056	5057	5166	5167	5584	5586	5587	5588	5589	5733	5811	5812	6091	6550	6551	7104	7163	7329	7333	7494	7522	7523	7555	7556	7557	7577	7616
1137	1142	1658	1659	1660	1661	2516	2517	2518	2519	2520	2521	2522	2523	2524	2525	2526	2527	2898	2899	2900	5176	5177	5184	5336	5493	5751	5773	6071	6251	6931	7551	7553
1723	3776	3824	4920	4921	5069	5070	5071	5649
1084	1085	1783	1784	2877	2878	3408	3555	4257	4258	5911	6063	6064	6065	6102	6104	6105	6126	6202	6203	6346	6455	6903	7117
636	930	1789	1790	2231	2742	2744	3244	4300	4450	4651	4652	4875	4876	4998	5000	5001	5108	5122	5438	5439	5440	5829	6062	6087	6220	6699	6708	6733	6921	6922	7334
1290	1291	2867	4245	4246	4247	4248	4249	5217	5225	5226	5511	5512	5513	6106	6107	6108	6586	6587	7450
228	229	231	232	233	234	320	583	584	1053	1054	1056	1057	1061	1065	1067	1068	1069	1092	1094	1095	1096	1097	1098	1238	1241	1245	1246	1250	1251	1254	1602	1692	1874	1875	2189	2262	2759	2802	2916	2952	3042	3233	3352	3371	3373	3374	3554	3614	3797	3798	3799	3909	3910	3911	3912	4023	4086	4087	4370	4371	4451	4452	4453	4549	4550	4646	4647	4786	4815	5233	5272	5273	5274	5421	5464	5465	5466	5490	5491	5505	5506	5564	5573	5641	5642	5722	5723	5741	5742	5743	5745	5884	5918	5973	5974	5980	6043	6171	6260	6294	6410	6411	6428	6557	6591	6592	6629	6849	6862	6976	6996	7005	7006	7461
21	22	23	25	26	27	31	32	35	36	37	38	1289	2412	2512	3149	3847	4633	5175	5250	5382	5643	5905	5906	5977	6323	6847	7204	7205
132	134	136	137	140	143	145	148	149	151	153	154	159	160	161	163	165	235	318	319	322	323	412	414	415	416	417	419	420	421	424	469	488	490	513	551	552	741	946	1058	1239	1240	1371	1576	1687	1690	2796	2797	2799	2800	2801	2803	2804	2805	2806	2808	2809	2810	2869	3053	3057	3060	3188	3190	3191	3235	3261	3262	3300	3410	3413	3425	3983	3992	3993	3997	4006	4033	4035	4427	4468	4567	4569	4676	5152	5162	5351	5356	5737	5776	5777	5915	6144	7212	7233	7309	7451	7488
2602	2975	2976	2977	3366	3367	4587	4620	4929	5201	5202	5203	5204	5205	5710	5987	6124	6888	7496
548	1145	1569	1571	1619	1620	1930	1931	3156	4514	5019	5690	5844	5945	6030	6154	6155	7020	7021	7072	7140	7141	7142	7143	7144	7145
266	271	1592	1631	1632	1841	1871	1872	2644	3160	3390	3664	3666	3667	4494	5058	5059	5415	6248	6406	6407	6583	6607	7176	7237	7238	7415
569	574	575	578	580	4358	4682	4683	4765	4766	5455	6341	7500	7501
147	217	281	287	295	296	425	443	444	445	447	448	449	471	766	785	956	1060	1063	1164	1165	1182	1222	1223	1227	1230	1248	1275	1360	1362	1364	1367	1369	1372	1374	1601	1691	1716	2060	2363	2726	2727	2728	2731	2732	2733	2970	3059	3189	3407	4001	4022	4047	4250	4303	4309	4310	4311	4312	4313	4314	4315	4357	4377	4392	4553	4907	5434	5446	5520	5598	5628	5800	5806	5807	5808	5823	6032	6056	6143	6157	6158	6167	6269	6539	6872	7093	7094	7151	7183	7216	7330	7380	7531	7549
3596	7445	7446	7447
62	1183	1184	1185	1187	2324	2325	3049	3050	3051	3226	4132	4609	5169	6298	6299	6529	6530	6531	6532	6605	7247	7480	7574
4	354	493	494	495	497	498	499	500	501	502	538	539	540	541	542	543	544	545	547	599	1037	1334	3479	3616	3739	3957	3990	4167	4168	4241	4283	4420	4421	4605	4607	4617	4618	4619	4638	4655	4708	4807	4808	4926	5040	5085	5097	5114	5278	5288	5373	5536	5697	5826	5857	5869	6012	6013	6036	6121	6180	6274	6276	6568	6668	6783	6784	6785	6786	6870	6887	6963	7221	7222	7278
42	43	77	79	374	941	1433	1639	1640	1643	2427	2499	2500	2501	2844	2845	2846	2848	2850	2851	2852	2853	3075	3076	3199	3200	3260	3270	3426	3427	3471	3472	3547	3694	4157	4158	4416	4910	5179	5379	5516	5517	5943	6594	6639	6647	6824	6825	7078	7085	7459	7460	7517
4728	4729	4776	4777	4779	5282	5283	5568	5569	5570	5900	6632	6961
1559	1703	2242	2244	2317	2938	3019	3437	3438	3440	3725	3726	3727	3728	3761	3762	4778	4845	4846	5061	5330	5362	5363	5364	5841	5975	5986	6284	6983	7009	7046	7464
1534	1867	2738	2739	3311	3515	3534	3535	4230	4231	4273	4274	4440	4984	4985	4986	5472	5849	6177	6178	6730	6916	7351	7524	7527	7528	7594	7595
89	90	91	127	129	130	131	210	258	259	260	263	407	436	437	440	591	592	635	700	924	927	938	1049	1050	1051	1292	1293	1417	1782	1799	1810	2151	2169	2287	2288	2290	2291	2292	2293	2295	2388	2391	2392	2411	2413	2414	2416	2417	2418	2483	2608	2611	2612	2613	2614	2615	2730	2743	2761	2762	2763	2764	2881	2882	2957	2964	3011	3012	3013	3015	3048	3198	3202	3247	3248	3331	3532	3601	3628	3695	3696	3698	3699	3700	3768	3821	3822	3966	3970	4376	4546	4585	4586	4589	4590	4591	4592	4593	4594	4632	4783	4858	4859	4964	4968	5053	5054	5100	5251	5267	5271	5332	5632	5633	5678	5711	5712	5831	5832	5851	5951	5970	5976	6008	6009	6093	6170	6188	6258	6482	6504	6621	6686	6720	6737	6899	6906	6907	6915	6939	6990	7049	7101	7102	7103	7105	7129	7152	7282	7369	7385	7396	7423	7425	7505	7580	7597
2271	5620	5621	5622	5623	6769	6770	7012	7506	7614
262	270	453	455	609	611	617	1672	1673	1675	2001	2245	2309	2636	2637	2640	2642	2643	2646	2647	2903	2911	2954	3113	3361	3810	4015	4050	4190	4772	5060	5192	5303	5631	6392	6573	7051	7194	7443
8	176	1110	1277	1278	2983	3445	3446	3682	3683	3756	3757	3884	4161	4294	5146	5478	5948	6436	6518	6527	7052	7053	7054
2599	2600	4133	6016	6653	7235	7236	7382	7465
170	249	251	253	256	324	326	340	342	343	347	348	561	566	654	843	848	851	859	863	864	865	869	942	1006	1042	1043	1211	1268	1269	1270	1298	1299	1300	1541	1543	1546	1548	1549	1552	1641	1648	1707	1724	1726	1728	1729	1730	1732	1734	1737	1740	1742	1743	1744	1747	1756	1766	1767	1904	1988	2055	2101	2109	2110	2111	2115	2119	2120	2121	2122	2123	2124	2214	2460	2462	2463	2466	2535	2620	2745	2857	2897	3038	3147	3163	3165	3338	3347	3396	3398	3493	3495	3503	3504	3564	3594	3753	3853	3860	3991	4253	4542	4642	4673	4680	4705	4707	4949	5307	5562	5679	5715	5718	5726	5984	5985	6068	6234	6239	6332	6405	6464	6670	6716	6755	6765	6954	7007	7016	7327	7409	7565	7593	7621
1358	6713	6714	6715
206	208	579	725	726	727	728	729	730	731	888	1330	1415	1416	1949	1956	1958	1962	1963	1989	2025	2026	2027	2037	2166	2367	2440	2545	2548	2549	2994	3022	3067	3069	3071	3072	3074	3607	4057	4058	4059	4299	4463	4601	4603	4604	5095	5127	5128	5129	5131	5132	5134	5136	5137	5138	5181	5185	5186	5883	6306	6878	7019	7118	7434	7514
216	220	1752	1863	1864	3066	4932
605	1088	1089	1090	1091	1815	1991	1992	1993	1994	1995	1996	1997	1998	1999	2000	2847	3127	3128	3624	4388	4389	4780	5024	5025	5243	5246	5538	5546	5721	5896	7158	7190	7497
1488	1490	1701	2313	2985	3477	3478	5492	5496	5566	5798	6052	6053	6054	6055	6238	6663	7090	7435
277	279	284	294	1773	1776	2218	2219	2220	2221	2222	2223	2224	2225	2424	2425	2562	2589	2590	2775	3376	4317	4318	4319	4329	4330	4331	4478	4637	5231	5276	5277	5747	5748	6352	6924	7025	7169	7171	7606
65	69	81	82	305	706	850	987	1158	1279	1280	2076	2087	2423	2502	2619	3217	3222	3223	3224	3227	3252	3561	3749	4063	4064	4081	4082	4083	4084	4261	4474	4630	4763	4764	4769	5073	5249	5284	5369	5371	5380	5665	5666	5700	5701	5766	5767	5768	5809	5878	5901	5902	5916	5972	6000	6363	6365	6366	6367	6368	6370	6371	6372	6373	6375	6376	6378	6379	6380	6381	6384	6555	6820	6868	7034	7035	7371	7395	7518	7604	7617
652	658	659	1564	1565	1951	2178	2179	2190	2253	2546	2547	2585	2605	3026	3027	3028	3029	3030	3569	4889	4890	4930	4961	4974	5873	6059	6060	6061	6736	6860	6917	7180	7436	7482	7566
219	581	1679	1680	1681	1683	1684	2556	3897	3898	3908	4356	4570	4596	5436	6192	6212	6545	6546	7098	7099	7170
735	906	907	908	909	910	911	914	915	916	917	918	919	920	921	922	923	1070	1408	1502	1503	1504	1610	1819	1820	1821	1824	1825	1975	2278	2384	2385	2895	3129	3130	3131	3132	3133	3134	3135	3136	3760	3774	3775	3903	4109	4110	4111	4112	4113	4114	4115	4116	4117	4118	4119	4120	4122	4123	4194	4434	4495	4740	5074	5435	5610	5611	5716	5738	5837	5929	5956	6092	6134	6643	6660	6696	6697	6877	6911	6943	7003	7219	7492	7493	7495	7533	7598
1556	2140	2746	3400	3401	4024	5101	5102	5103	5115	5116	5214	5839	5840	6706	6707
335	336	337	338	981	984	985	986	990	993	994	996	997	999	1000	1301	1302	1303	1496	1497	1649	1754	1814	2028	2186	2207	2267	2428	2429	2430	2431	2432	2433	2434	2435	2436	2437	2438	2439	2879	2990	3097	3123	3940	4042	4056	4155	4219	4222	4323	4403	4532	4758	4791	5023	5255	5518	5561	5590	5591	5639	5640	5706	5803	5814	5815	5817	5949	6070	6081	6085	6241	6519	6649	6817	6838	6861	6941	6942	6951	7036	7112	7122	7130	7131	7132	7164	7319	7391	7413	7427	7498	7511	7570	7571
1822	2171	2284	2626	2734	2735	3258	3259	4134	4135	4136	5027	5626	5627	5634	5952	6792	7578
3093	3094	4581	4833	5385	5386	5387	5461	5572	6480	6669	6681	7200
10	398	406	976	979	980	1123	2072	2201	2202	2337	2341	2609	2787	2837	2838	2840	2961	2962	2997	2998	2999	3285	3380	3383	3384	3385	3458	3470	3480	3481	3482	3483	3485	3487	3488	3489	3570	3572	3574	3575	3576	3577	3615	3687	3690	3715	3716	3720	3866	3868	3869	4237	4238	4288	4289	4575	4698	4817	4818	4828	4931	4987	4988	4989	5248	5349	5503	5607	5660	5928	5933	5934	6025	6026	6027	6028	6076	6077	6078	6109	6111	6112	6113	6114	6115	6116	6117	6118	6119	6120	6122	6123	6125	6127	6128	6129	6130	6131	6314	6440	6447	6578	6756	6934	7022	7199	7263	7455	7586
44	48	1697	1785	1786	1787	1788	1859	2282	2283	2995	2996	3018	3649	3650	3944	4061	6252	6543	6544	6992	7073	7182	7572
86	224	239	257	325	660	840	842	844	861	982	983	988	989	998	1001	1002	1003	1320	1323	1326	1644	1645	1646	1650	1669	1721	1905	1906	1945	2187	2188	2212	2216	2236	2237	2268	2420	2421	2880	3068	3125	3159	3256	3754	3817	3851	3859	3939	4041	4043	4075	4217	4407	4417	4438	4725	4792	4793	4915	5066	5125	5126	5228	5447	5475	5599	5663	5668	5669	5719	5816	5845	5846	5861	5877	5931	5961	6041	6313	6353	6448	6450	6485	6507	6560	6650	6760	6813	6815	6818	6886	7017	7203	7339	7340	7384	7424	7519
1314	1315	2081	4923	5218	5308	5309	6662
1148	1172	1173	1175	1176	1177	1178	1179	1180	1181	1452	1453	1454	1455	1686	3138	3139	3140	3141	3142	3948	3949	5729	5730	6821	7226
1234	1235	4128	7589
674	675	676	678	680	682	683	686	688	689	690	691	693	694	696	697	1898	2100	2495	2496	2497	2821	2822	3423	3424	4560	4561	4628	4691	4695	4697	4916	4925	4937	5090	5615	5616	5770	6037	6038	6250	6310	6316	6317	6339	6442	6449	6986	7081	7111	7133	7134	7242	7456	7536	7622
138	155	162	166	276	278	280	286	288	290	291	293	492	1147	1228	1229	1271	1363	1366	1370	1987	2061	2062	2361	2362	2364	2971	2972	2973	3272	3273	3275	3277	3412	3560	3794	3943	4034	4103	4188	4305	4307	4308	4663	4664	4801	4853	4977	4978	5211	5253	5297	5311	5366	5597	5774	5853	5855	5866	6302	6303	6304	6358	6444	6445	6554	6896	6897	7011	7039	7040	7289	7419	7550
2	5	12	179	1161	1978	2365	2366	2828	3102	3195	3197	3759	3945	4067	4297	4346	4348	4573	4574	4690	4980	4981	4982	5681	5882	5971	6003	6235	6236	6237	6511	6525	6565	6654	6655	6766	6767	6867	7138	7250
221	2088	2093	2870	2873	3080	3905	3906	4873	6074	7367
1273	4843	5215	5216	5757	6787	6814	7393
4146	4147	4945	4946
418	1435	2181	2593	2849	4284	4285	4286	4957	4958	4959	5041	5292	5499	5500
6050	6051	6514
1009	1010	1011	1012	1013	1014	1015	1016	1017	1018	1019	1310	3293	3294	3297	3298	3299	3301	4492	4493	5407	5408	5410	5411	5694	5695	5771	6136	6218	6240	6661	7375
428	883	1885	1887	1889	1990	2041	2043	2044	2045	2148	2240	2481	2760	2918	3166	3168	3169	3231	3234	3264	3475	3476	3533	3660	3661	3662	3701	4092	4093	4094	4520	4564	4829	4830	4831	4832	4834	4836	4837	4838	4840	4841	4969	5104	5360	5470	6395	6396	6397	6399	6401	6671	6682	6883	6900	6952	6977	7166	7214	7457	7601	7609
6151	6152	6153
359	905	2092	2323	3179	3181	3182	3635	3636	3637	3818	3819	3878	3919	3920	3921	3956	4254	4255	4394	4395	5072	5106	5168	5453	5629	5630	5756	5935	6147	6221	6222	6277	6885	7123	7124	7125	7202	7353	7355	7356	7575	7612
477	478	479	480	481	482	483	568	570	571	856	1647	2159	2160	2203	2818	2819	2820	3641	3642	3643	4028	4029	4030	4031	4032	5153	5154	5155	5156	6200	6693	7030	7160	7513
34	122	123	124	125	126	642	644	645	648	649	650	651	805	806	814	819	820	822	824	827	829	833	834	889	890	891	892	893	894	895	896	1033	1034	1035	1036	1420	1421	1426	1568	1932	1933	1934	1935	2083	2356	2453	2454	2507	2511	2513	2515	2790	3218	3219	3288	3289	3290	3291	3292	3321	3322	3324	3325	3326	3328	3329	3435	3506	3528	3764	3784	3926	3927	3936	3937	4049	4184	4475	4548	4722	4767	4768	4938	5081	5109	5295	5296	5437	5617	5644	5780	5926	5998	5999	6042	6196	6322	6347	6420	6421	6476	6542	6947	7239	7350	7416
402	403	732	733	3801	3915	4466	4467	6484	7167	7345	7562	7619
142	1617	1618	2915	2917	3212	3828	3829	4835	4886	4994	4995	4996	4997	5091	5810	5862	5863	6231	6533
556	1509	1511	1512	1513	1633	1634	1802	1803	1860	1861	1862	3001	3114	3502	3740	3741	4636	4685	4694	5567	6434	6808	7360
339	341	630	634	925	1022	1023	1422	1430	1441	1445	1446	1447	1510	1567	1606	1611	1614	1635	1636	1804	1807	1808	1809	1811	1812	1813	2038	2095	2149	2150	2289	2294	2351	2352	2353	2354	2407	2409	2415	2419	2958	2960	3007	3280	3529	3531	3546	3724	3802	3804	3890	3892	3893	3894	3895	4163	4164	4367	4502	4506	4672	4854	4965	4966	5142	5424	5425	5426	5427	5428	5429	6005	6033	6135	6208	6283	6414	6666	6751	6791	6799	6879	6913	7116	7442
1735	2258	2422	2568	3077	3612	3857	5645	6145	6146	6491	6932	7059	7197	7381	7537
2234	5003	5004	5794	5795	5796
88	1545	3221	3617	3618	4038	5143	5144	7348
7	598	799	800	1276	1409	1560	1561	2503	2504	2505	3522	3523	3875	4121	4435	4436	4900	4901	4902	5264	5265	5724	6272	6517	6843	7002
14	1263	1264	1265	1266	2874	3265	3620	3622	3623	3625	3742	3743	4179	4180	4181	4182	4183	4580	5232	5244	7378	7379	7545	7587
945	2887	2888	3950	3951	3952	3953	3954	3955	4069	4359	5077	5404	6880	6889	7187	7402	7535
