958	959	960	963	964	965	966	968	969	970	1489	2841	2842	3117	3439	4571	4852	5280	5281	5293	5294	5341	5515	5525	6441	6833	7251	7373	7374	7508
622	623	926	929	930	932	1262	1311	1312	1313	1662	1936	1937	3014	3090	3319	3320	3548	3573	3597	3651	3652	3653	3697	3891	4129	4259	4301	4588	4690	4692	4903	4998	4999	5000	5005	5107	5117	5122	5209	5275	5315	5368	5378	5603	5604	5605	5656	5661	5675	5720	5732	5761	5889	5903	5917	5946	5947	6003	6047	6069	6124	6148	6220	6402	6467	6525	6626	6654	6655	6684	6689	6690	6698	6699	6708	6777	6793	6859	6871	6921	7066	7088	7089	7115	7138	7149	7193	7232	7253	7290	7291	7292	7293	7294	7295	7296	7297	7298	7299	7300	7301	7302	7303	7304	7305	7306	7307	7421
899	1294	1295	1296	1297	1826	1827	2374	2375	2376	2377	2378	2379	2380	2381	2382	2383	3452	3453	3454	3455	4019	4020	4021	4339	4398	4842	4927	5535	5924	5983	6089	6246	6374	6665	7135	7136	7354
351	355	546	662	663	669	672	734	1004	1156	1281	1282	1332	1910	1911	1913	1946	1947	1948	1950	1952	1953	1954	1955	1957	1959	1960	1961	1964	2152	2167	2168	2226	2227	2494	2571	2576	2577	2578	2579	2582	2583	2584	2817	2859	3004	3020	3021	3070	3073	3151	3605	3610	3638	3789	3790	3791	3792	3827	3831	3888	3889	4058	4139	4152	4192	4193	4256	4404	4405	4406	4455	4457	4459	4498	4684	4761	4762	4810	4952	4953	4954	4955	4956	4973	4974	4975	4976	5048	5049	5050	5111	5113	5130	5133	5149	5234	5263	5326	5327	5328	5374	5375	5526	5527	5529	5548	5549	5555	5556	5557	5558	5559	5560	5585	5606	5725	5749	5854	5881	5883	5895	5921	6044	6075	6133	6150	6194	6195	6211	6315	6390	6391	6415	6416	6429	6435	6505	6512	6529	6531	6532	6605	6648	6703	6804	6898	6925	6926	6927	6928	6929	6971	6979	7037	7084	7159	7246	7258	7265	7266	7267	7268	7269	7270	7271	7272	7273	7274	7275	7276	7277	7365	7431	7432	7439	7440	7558	7585	7591
10	205	209	236	238	390	391	392	393	394	395	396	397	399	400	401	585	586	670	671	887	973	974	975	977	978	1045	1046	1047	1123	1124	1189	1190	1191	1192	1193	1194	1195	1196	1197	1198	1642	1919	1920	2607	2610	2736	2737	2741	2768	2769	2770	2771	2839	2999	3016	3238	3377	3378	3381	3417	3421	3422	3457	3462	3464	3466	3467	3468	3486	3538	3539	3562	3606	3608	3670	3688	3689	3691	3692	3693	3712	3713	3714	3717	3718	3719	3721	4154	4237	4239	4290	4291	4292	4366	4461	4476	4477	4521	4523	4525	4527	4528	4529	4543	4604	4662	4802	4803	4804	4933	4934	5098	5120	5121	5141	5178	5182	5187	5252	5305	5534	5563	5608	5624	5625	5635	5835	5868	6039	6110	6262	6301	6413	6427	6465	6481	6495	6496	6498	6499	6500	6501	6509	6538	6612	6614	6672	6946	6957	6995	7018	7061	7154	7155	7177	7366
4437	5166	5167	7012	7333	7555	7577
1201	1699	1891	1892	1893	1894	1895	2499	2934	2935	2936	2937	2939	2940	2941	5015	5016	5017	5802	5847	6204	6205	6409	7014	7191	7317	7318
735	871	872	906	907	908	909	910	911	915	916	917	918	919	920	921	922	923	1070	1502	1503	1504	1560	1561	1821	1824	1975	2278	2384	2385	2895	3129	3130	3131	3132	3133	3134	3135	3136	3760	3774	3775	3903	4091	4109	4110	4111	4112	4113	4114	4115	4116	4117	4118	4119	4120	4121	4122	4123	4194	4434	4740	5074	5435	5477	5610	5611	5716	5738	5929	5956	5993	6092	6134	6643	6660	6696	6697	6877	6911	6943	7003	7444	7470	7495	7533	7598
297	298	300	301	302	589	590	1600	2125	2126	2127	2128	2129	2130	2131	2132	2133	2134	2135	2136	2137	2138	2139	2141	2142	2143	2144	2145	2146	2147	2164	2165	2180	2182	2183	2184	2310	2468	2469	2470	2471	2472	2473	2474	2475	2476	2477	2478	2479	2480	2573	2574	2575	2929	2930	2931	2932	2933	3137	3702	3703	3704	3706	3707	3962	3963	3972	3973	3974	3975	3976	3977	3978	3980	3981	3982	4108	4243	4353	4444	4488	4539	5458	5459	5577	5578	5579	5613	5614	5693	5752	5785	5786	5787	5788	5789	5790	5791	5792	5797	6083	6172	6173	6229	6245	6311	6312	6388	6443	6478	6483	6513	6563	6600	6617	6683	6775	6780	6884	6908	6909	6930	6955	6985	7106	7198	7234	7388	7410	7467
477	478	480	481	482	483	568	570	571	856	1647	2159	2160	2203	2818	2819	2820	3641	3642	3643	4028	4029	4030	4031	4032	5153	5155	5156	6200	6693	7030	7160
1549	2372	3940	4156	4677	4678	4681	5586	5587	5588	5589
321	429	485	489	1080	1621	1622	2729	2795	3065	3517	4159	4160	4355	4572	4805	4806	4906	5082	5151	5575	5618	5619	5682	5683	5920	6006	6007	6233	6438	6816	6822	6823	6933	7288	7322
262	265	268	269	270	272	274	453	455	607	609	611	612	617	618	1499	1596	1672	1673	1675	1677	2001	2309	2321	2322	2636	2637	2638	2640	2642	2643	2645	2646	2647	2903	2911	2912	2954	2956	3113	3174	3246	3361	3810	4011	4013	4014	4015	4017	4050	4051	4189	4242	4771	4772	4787	4811	4874	5047	5060	5192	5238	5239	5240	5303	5631	6385	6418	6419	6573	6616	6856	6910	7051	7194	7443
156	228	229	231	232	233	234	320	413	583	584	1053	1054	1055	1056	1057	1061	1065	1067	1068	1069	1092	1094	1095	1096	1097	1226	1227	1238	1241	1245	1246	1250	1251	1253	1254	1365	1602	1692	1780	1875	2262	2363	2759	2791	2802	2916	2949	2950	2952	3042	3086	3233	3352	3371	3372	3373	3374	3414	3554	3613	3614	3793	3797	3798	3799	3909	3910	3912	4023	4086	4087	4370	4371	4451	4452	4453	4646	4730	4731	4732	4733	4815	4825	5012	5013	5014	5233	5272	5273	5274	5421	5464	5465	5466	5490	5491	5505	5506	5564	5573	5641	5642	5722	5723	5741	5742	5743	5745	5818	5884	5918	5919	5973	5974	5980	6043	6141	6159	6171	6193	6260	6294	6410	6411	6428	6557	6582	6591	6592	6629	6685	6849	6862	6976	6996	7005	7006	7287	7325	7406	7461	7490
222	223	487	2942	2943	2944	2945	2946	4426	4699	4700	4701	4702	4703
147	166	217	280	281	286	287	288	295	296	419	425	444	445	447	449	471	488	492	766	785	1164	1165	1182	1222	1223	1229	1230	1248	1275	1360	1362	1364	1367	1369	1372	1374	1601	1691	1716	2060	2061	2285	2286	2362	2726	2727	2728	2731	2732	2733	2970	2971	3059	3189	3407	3409	3412	3794	3795	4047	4070	4103	4250	4303	4305	4310	4311	4312	4313	4314	4315	4357	4377	4392	4663	4664	4907	4977	4978	5253	5297	5311	5434	5446	5520	5598	5628	5774	5800	5806	5807	5808	5823	5866	5927	6143	6158	6167	6269	6444	6539	6872	7011	7080	7093	7094	7183	7216	7309	7330	7380	7419	7549	7550
17	51	58	1264	1980	2015	2516	2517	2518	2519	2520	2521	2522	2523	2524	2525	2526	2527	2874	3647	3648	4497	4962	4963	5232	5244	5336	5899	7379	7502	7545	7564	7587
1488	1490	1701	3477	3478	5282	5283	5496	5566	5689	5798	6052	6053	6054	6055	6238	6663	7090
133	139	146	152	153	163	164	230	318	319	322	414	417	422	423	443	446	448	956	957	1059	1062	1063	1066	1093	1242	1244	1247	1249	1252	1255	1257	1258	1361	1368	1623	1874	1879	2059	2482	2758	2793	2798	2801	2807	2869	3040	3269	3296	3300	3301	3415	3447	3543	3609	3611	3904	3911	4001	4143	4144	4165	4166	4222	4223	4287	4309	4334	4442	4443	4644	4647	4648	4786	4905	5173	5350	5352	5353	5355	5357	5422	5423	5504	5571	5574	5647	5654	6032	6056	6157	6201	6295	6360	6412	6553	6630	6641	6704	7013	7086	7151	7233	7324	7479	7484	7488	7531	7567	7573
21	22	23	25	26	27	28	29	30	31	33	34	35	36	37	38	39	122	123	124	125	126	183	214	215	632	637	642	643	644	645	646	647	648	649	650	651	720	722	724	802	803	804	805	806	807	808	809	810	811	812	813	814	815	816	817	818	819	820	821	822	823	824	825	826	827	828	829	830	831	832	833	834	835	889	890	891	892	893	894	895	896	1024	1033	1034	1035	1036	1100	1120	1259	1260	1261	1289	1418	1419	1420	1421	1422	1424	1425	1426	1427	1429	1431	1437	1438	1491	1492	1566	1568	1605	1608	1609	1615	1932	1933	1934	1935	2083	2355	2356	2412	2453	2454	2455	2507	2508	2509	2510	2511	2512	2513	2514	2515	2790	2823	2827	2992	3024	3036	3047	3149	3218	3219	3220	3243	3271	3278	3288	3289	3290	3291	3292	3321	3322	3324	3325	3326	3327	3328	3329	3435	3505	3506	3507	3528	3685	3763	3764	3765	3766	3767	3784	3805	3847	3899	3926	3927	3934	3935	3936	3937	3938	3964	4045	4049	4089	4184	4267	4268	4276	4277	4278	4293	4327	4349	4354	4424	4425	4475	4496	4548	4633	4634	4653	4710	4721	4722	4723	4724	4747	4767	4768	4797	4819	4887	4904	4938	5081	5109	5124	5295	5296	5437	5583	5600	5601	5602	5617	5643	5644	5780	5925	5926	5977	5998	5999	6002	6004	6042	6164	6196	6261	6282	6322	6347	6420	6421	6473	6474	6475	6476	6494	6542	6606	6611	6674	6675	6676	6679	6680	6790	6798	6835	6847	6947	6966	7048	7123	7204	7205	7239	7328	7336	7337	7350	7361	7376	7397	7398	7416	7481	7483
1483	1484	1485	1486	1487	1663	1664	1666	3100	3103	5078	6644	6937	7113
2720	2721	2722	2872	4336	4337	4338	4679	5462	6596	6627	6636	7264
1125	2811	2812	3355	3356	3357	3358	3563	3598	3676	3677	3678	3679	3680	3681	4176	4177	4178	4187	4877	4878	4879	4880	4882	4883	4884	4885	5519	5552	5553	5554	5892	5893	6137	6138	6139	6920	6964	6978	7156	7157	7211	7228
12	179	1161	2366	2828	2963	3102	4067	4346	4348	4982	5655	5657	5952	5971	6235	6237	6503	6511	6565	6613	6766	6767	6867
359	3179	3180	3181	3182	3183	3184	3635	3636	3637	3921	4072	4073	4394	4395	5935	6885	7575
66	86	174	224	225	239	250	257	325	346	349	559	563	565	567	666	837	838	840	842	844	852	854	857	861	862	983	988	992	1001	1003	1323	1326	1451	1644	1645	1721	1757	1805	1899	1902	1905	1906	1945	2040	2102	2103	2112	2140	2186	2187	2188	2209	2210	2211	2212	2213	2216	2217	2236	2237	2238	2260	2266	2267	2268	2325	2420	2421	3068	3125	3159	3255	3256	3257	3336	3337	3341	3541	3542	3754	3851	3939	3989	4007	4041	4043	4075	4217	4351	4352	4417	4639	4640	4641	4792	4855	4915	4950	4951	5126	5212	5447	5449	5450	5475	5599	5646	5663	5668	5669	5845	5846	5861	5979	6041	6242	6313	6353	6394	6450	6485	6507	6558	6560	6623	6624	6625	6650	6750	6760	6813	6815	6818	6853	6854	6886	7122	7175	7203	7339	7340	7384	7424	7476	7519	7576	7605
128	184	194	341	630	633	634	638	723	1020	1022	1023	1025	1027	1028	1118	1121	1428	1430	1441	1443	1445	1447	1448	1450	1510	1567	1604	1606	1607	1610	1611	1612	1613	1614	1633	1634	1635	1636	1654	1655	1667	1668	1803	1804	1807	1808	1811	1812	1813	1940	1941	2038	2095	2096	2149	2289	2294	2351	2352	2354	2409	2419	2506	2596	2824	2825	2875	2876	2896	2958	2960	3007	3048	3216	3280	3281	3418	3419	3436	3526	3529	3530	3531	3545	3546	3547	3549	3579	3584	3694	3724	3802	3808	3885	3887	3890	3892	3893	3894	3915	3917	3950	4163	4164	4335	4367	4368	4369	4413	4414	4502	4506	4582	4592	4672	4760	4854	4965	4966	4967	5142	5199	5250	5251	5279	5417	5424	5425	5426	5427	5428	5429	5480	5837	5912	6005	6033	6135	6191	6208	6230	6463	6666	6677	6678	6738	6740	6741	6742	6743	6744	6745	6746	6747	6748	6749	6751	6789	6794	6795	6796	6799	6800	6801	6879	6912	6913	7057	7063	7065	7116	7385	7404	7442	7463	7475	7492	7493
3747	6550	6551	7163
2599	2600	4133	6016	6653	7235	7236	7382	7465
404	405	1105	1558	2042	2072	2959	3365	3571	3627	3629	3803	3804	3806	3914	3946	3947	4145	4428	4429	4671	4800	5171	6386	6477	6576	6727	6728	6839	6840	6841	6842	6844	6845	6846	6901	6914	6972	7100	7387	7394	7579	7620
1243	1885	1887	1889	1890	2044	2148	2240	2760	2918	3166	3169	3231	3232	3234	3475	3476	3660	3661	3662	3948	4092	4093	4520	4564	4610	4611	4831	4840	4969	5359	5360	5391	5392	5441	5442	5551	5864	6395	6396	6397	6399	6400	6401	6508	6883	6900	6952	6977	7166	7214	7331	7332	7364	7457	7609
350	352	353	357	358	360	506	507	549	661	664	665	667	668	673	1331	1535	1900	1912	1938	1939	2048	2050	2163	2259	2491	2492	2493	2580	2586	2953	3456	3461	3463	3603	3604	3668	3736	3737	4138	4141	4142	4167	4171	4240	4345	4401	4402	4456	4460	4501	4522	4606	4638	4654	4655	4807	4809	4892	4893	4924	5039	5083	5110	5112	5170	5304	5372	5405	5528	5550	5717	5740	5850	5858	5937	5997	6275	6506	6556	6569	6599	6778	6836	6890	7045	7058	7060	7107	7192	7195	7201	7223	7357	7370	7407	7441	7512
711	2396	2397	2398	2648	3228	3448	3449	3450	3451	3755	4228	5285	5666	5700	5701	6726	6902	7552
354	495	538	539	541	542	543	544	545	547	1037	1334	2049	3479	3957	4140	4168	4241	4344	4420	4421	4605	4607	4617	4708	4808	4891	4926	5040	5085	5097	5099	5114	5235	5288	5373	5697	5860	6012	6013	6121	6180	6274	6276	6783	6784	6785	6786	6887	6963
600	1011	1494	1554	1616	1748	1816	1818	1867	2194	2257	2258	2304	2529	2532	2534	2564	2565	2566	2567	2568	2569	2587	2588	2738	2739	3111	3164	3193	3194	3308	3309	3310	3311	3342	3343	3344	3395	3514	3515	3516	3534	3535	3985	3988	4076	4079	4151	4203	4204	4230	4231	4252	4272	4273	4274	4275	4408	4439	4440	4574	4597	4598	4674	4753	4936	4984	4985	4986	5075	5076	5096	5419	5472	5485	5592	5593	5594	5696	5753	5754	5833	5849	6177	6178	6393	6404	6491	6515	6633	6687	6730	6774	6893	6916	6988	6993	6994	7000	7029	7074	7120	7165	7181	7351	7448	7449	7524	7527	7528	7543	7569	7594	7595	7603
1386	3045	4623	4624	5157	5913	5914	6566
870	2031	2032	2094	2197	2198	2199	2200	2337	2338	2339	2340	2342	2343	2344	2345	2346	2347	2348	2349	2350	2628	3079	3459	3520	3540	4126	4127	4232	4391	4698	5941	5959	5960	6497	6570	6571	6581	6753	6754	6895	6969	6987	7010	7150	7568	7582
92	93	95	96	97	98	99	100	101	102	103	104	105	106	107	109	110	111	112	113	114	115	116	117	118	119	120	121	427	535	536	537	572	576	582	738	739	740	742	743	744	745	746	747	748	749	750	751	752	753	754	756	757	758	759	760	761	762	764	765	767	768	769	770	771	772	773	774	776	777	779	780	782	783	786	788	789	790	791	792	793	794	795	796	797	798	1071	1072	1073	1572	2014	2311	2649	2650	2651	2652	2653	2655	2657	2658	2659	2661	2662	2663	2665	2666	2668	2669	2671	2672	2673	2674	2675	2676	2677	2678	2680	2681	2682	2683	2684	2685	2686	2687	2688	2689	2690	2691	2692	2693	2694	2695	2696	2697	2698	2702	2704	2706	2707	2708	2709	2710	2711	2712	2713	2714	2715	2716	2717	2718	2719	2835	2843	3215	3420	3556	3557	3559	3566	3640	4162	4197	4302	4316	4321	4387	5031	5092	5431	5432	5544	5545	5704	5887	5888	6057	6082	6182	6212	6213	6214	6215	6216	6217	6329	6330	6516	6561	6608	6772	7168	7217	7326	7405	7408	7487	7520	7526	7542
69	2076	2077	2390	3561	4081	4083	4474	4754	4755	4756	4757	5705	5707	5766	5767	5768	6646	7518
3124	3856	4137	4621	4622	5254	6487	6488	6523
207	466	491	721	1159	1306	1308	2078	2079	2080	2082	2084	2085	2086	2370	2563	2604	2605	3508	3509	3510	4026	4551	5242	5367	5819	6338	6345	6736	7108	7109	7110	7180
1969	1970	1971	2858	3037	3334	4500	4942	5034	5035	5072	5073	5452	5453	6147	6691	6692	7124	7125
486	682	684	1032	1336	1340	1341	1342	1343	1344	1351	1356	1457	1458	1460	1461	1464	1466	1467	1468	1469	2821	2822	3424	4438	5090	5454	5793	6448	6449	6967	7111	7428
283	1800	1801	1928	1929	2162	2265	2555	2558	2559	2560	2792	3085	3087	3088	3263	3375	3599	3600	3729	4003	4071	4205	4206	4207	4208	4209	4210	4211	4213	4214	4215	4216	4631	4666	4816	5011	5018	5539	6015	6183	6184	7126
503	504	505	2016	2017	2404	2829	2830	3096	3099	5062	5063	5064	5065	5214	5418	6935
1965	1966	1967	1968	2619	2751	3222	3223	3227	3780	5543	5916	5972	6149	6331	6430	6431	7174	7243	7244	7281	7403	7474
1273	4843	5215	5216	5757	6787	6814	7393
13	15	16	18	19	20	45	46	47	49	50	52	53	54	55	56	57	60	75	1133	1134	1135	1136	1138	1139	1140	1141	1143	1144	1146	1199	1200	1202	1203	1204	1205	1214	1218	1219	1220	1221	1412	1514	1515	1516	1697	1698	1700	1704	1705	1979	2067	2172	2173	2315	2326	2368	2923	2924	3115	3116	3118	3119	3120	3121	3434	3896	3931	3932	4304	4333	4360	4362	4363	4364	4365	4400	4547	4559	4656	4826	4846	4993	5051	5301	5337	5340	5750	5865	5986	5994	6160	6185	6263	6264	6265	6408	6437	6552	6622	6834	6923	7027	7433
61	62	63	64	67	68	1048	1183	1184	1185	1187	1188	1322	2323	2324	3049	3051	3253	3254	3870	3956	5169	6298	6299	6321	6559	7559	7574	7612
40	41	303	304	306	307	308	309	310	311	312	313	386	387	388	389	587	588	677	681	685	687	695	1462	3192	3871	3872	3873	3874	4185	4186	4464	4465	5289	5290	5291	5467	5468	5677	5731	6072	6206	6459	6548	6805	6806	6807	7067	7137	7220	7426	7583	7608
6	195	197	198	409	913	1106	1423	1665	2228	2229	2233	2234	2235	2744	3244	3830	4300	5006	5007	5108	5735	5736	5829	6062	6522	6589	6590	6645	6949	7196	7334	7596
4515	4516	4517	4518	5874	5875	5876
65	81	82	305	706	850	987	1158	1279	1280	2087	2254	2423	2502	3080	3217	3224	3230	3252	3669	3749	4063	4064	4082	4084	4630	4763	4764	4769	4873	5249	5371	5380	5665	5809	5901	5902	6000	6363	6365	6366	6367	6368	6370	6371	6372	6373	6375	6376	6378	6379	6380	6381	6384	6555	6820	6868	7034	7035	7371	7604	7617
1084	1085	1783	1784	2877	2878	3408	3555	4257	4258	4482	5911	6063	6064	6065	6102	6104	6105	6126	6202	6203	6346	6455	6903	7117
945	1216	1410	1411	1413	1414	1517	1806	2158	2177	2327	2887	2888	2890	3249	3250	3734	3845	3846	3941	3942	3951	3952	3953	3954	3955	4069	4359	4361	4479	4480	4626	4759	4827	5077	5312	5377	5492	5493	5494	5495	5497	5900	6101	6243	6712	6880	6889	6961	6962	7187	7402	7435	7535
493	494	496	497	498	499	500	501	502	540	597	598	599	1276	3616	3738	3990	4283	4618	4619	5278	5536	6036	6568	6773	7221	7222	7278
84	85	717	1074	1075	1076	1077	2255	2357	2358	2359	2360	2724	2725	2919	2920	2967	2991	3185	4473	4918	4919	5188	5189	5530	5531	5532	5897	6046	6199	6640	7547
240	241	242	243	244	245	246	247	248	1637	1638	1921	1922	1923	1981	1982	1983	1984	1985	1986	2106	2328	2329	2330	2331	2332	2333	2772	2773	2774	2776	2777	2778	2779	2780	2781	2782	2783	2784	2785	2786	3518	3593	3750	3751	3752	3772	3773	4565	4812	4813	4814	5032	6278	6279	6280	6296	6297	6354	6355	7031	7077	7184	7185	7240	7338	7462	7623
42	43	941	1435	1639	1640	2181	2593	2594	2595	4284	4285	4286	4957	4958	5041	5179	5412	5413	5499	5500	6639	6647	6725	7310	7459	7460
1031	1263	1265	1266	1267	1696	1702	2153	2154	2155	2156	2157	2312	2313	2314	2316	2319	2320	3619	3620	3622	3623	3625	4549	4550	5245	5247	5331	5659	5981	5982	6223	6324	6325	6802	7024	7153	7173	7437	7438	7592
1169	2046	2047	2301	2399	2401	2402	3842	3905	4191	4281	4616	5595	5596	5867	5930	6035	6207	7477	7607
462	463	904	1021	1327	1901	1903	2591	2592	2625	3581	4737	4738	4739	5148	5190	5191	5685	5686	6084	6227	6228	6307	6980	7615
32	89	90	91	127	129	130	210	407	700	925	927	938	1049	1050	1051	1292	1293	1417	1544	1782	1809	1810	2150	2151	2169	2170	2287	2288	2290	2291	2292	2293	2295	2353	2391	2392	2411	2413	2414	2415	2416	2417	2418	2483	2608	2611	2612	2613	2614	2615	2743	2761	2762	2763	2764	2881	2882	2957	2964	3005	3006	3198	3226	3247	3248	3532	3601	3628	3695	3696	3698	3699	3700	3768	3821	3895	4202	4376	4546	4573	4632	4675	4687	4688	4689	4693	4694	4858	4859	4968	5053	5175	5271	5332	5632	5633	5678	5712	6008	6009	6093	6094	6170	6188	6226	6258	6283	6414	6446	6482	6504	6530	6686	6720	6791	6899	6907	6915	6939	6990	7049	7087	7129	7152	7247	7250	7259	7282	7369	7400	7423	7425	7429	7480	7505	7580
1500	1501	1603	1819	1820	1823	1825	2271	3843	3844	4090	5765	6618	6637	7038	7179	7509	7510
1116	1117	2256	3913	4220	4221	5522	5523	5524	5658	5940	5942	6837	7485
435	438	439	456	457	458	902	1442	1651	2410	2624	2627	2969	3744	3758	3848	3849	3850	4098	4774	4790	4794	5484	5938	6174	6425	6664	6865	6866	7261
533	534	1064	1128	1769	1770	1771	1772	1774	1775	1777	1779	2069	2557	2951	3796	4102	4212	4332	4862	4863	4864	4865	4888	5084	5354	5396	5397	5398	5399	5922	6619	6620	6809	7311
4912	5637	5638
1459	4561	4691	4695	4697	5443	5444	5445	5456	5457	6037	6038	6456	6457	6986	7081	7618	7622
175	180	181	186	191	192	316	317	554	631	636	736	931	1790	1797	1798	1977	2021	2231	2742	2948	2979	2980	3089	3392	3393	3595	3924	3958	3959	4066	4495	4651	4652	4686	4875	4876	4895	4896	5001	5008	5197	5438	5439	5483	5510	5609	5842	6087	6175	6359	6398	6470	6471	6502	6584	6651	6733	6904	6919	6948	7056	7254	7260	7401	7563
364	365	366	367	368	371	372	373	375	376	377	378	379	380	381	382	383	384	385	613	625	873	874	876	878	933	934	935	1305	1436	1712	1852	1853	1854	1855	1856	2185	2400	2441	2442	2443	2444	2445	2446	2448	2449	2450	2451	2452	2752	2753	2754	2756	2757	2844	2861	2883	2884	2885	3104	3105	3550	3552	3553	3735	3779	3781	3782	3783	4236	4379	4415	4454	4505	4554	4784	4785	4848	4849	4850	4941	4943	5079	5088	5089	5172	5317	5318	5319	5320	5321	5322	5323	5324	5325	5521	5565	5648	5653	5698	5824	5886	5964	5965	5966	5967	5968	5969	6181	6186	6327	6547	6595	6609	6869	6950	7070	7071	7078	7147	7148	7229	7248	7323	7534	7540
14	548	1217	1511	1569	1570	1571	1619	1620	1930	1931	3156	3157	3428	3429	3430	3431	3499	3500	3501	3502	3740	3741	3916	4685	4729	5945	6259	6534	6535	6536	6537	6808	7072	7414
2024	2028	2029	2030	2033	2034	2035	2036	3282	4507	5516	5517	7473
2	3	5	1206	1404	1405	1406	1407	1408	1409	1789	2365	2503	2505	2598	3009	3195	3196	3202	3984	4124	4125	4537	4741	4742	4743	4744	4745	4746	5316	5828	5830	6168	6187	6776	7095	7096	7097
1314	1315	2081	4923	5218	5308	5309	6662
836	943	944	1007	1008	1799	2606	2618	2622	2623	3368	3551	3589	3590	3591	4261	4262	4263	4264	4322	4323	4324	4462	4625	5213	5420	5744	5760	6090	6287	6289	6290	6291	6292	6858	7312	7347	7395
674	675	676	678	679	680	683	686	688	689	690	691	692	693	694	696	697	1898	2100	2495	2497	3423	4560	4628	4916	4925	4937	5615	5616	5770	5783	6250	6310	6316	6317	6339	6479	6577	7133	7134	7242	7456	7536
24	3177	4446	4519	5382	5481	5680	6163	6323	6540	6541	7381
199	200	201	202	203	787	1148	1162	1163	1172	1173	1175	1176	1177	1178	1179	1180	1181	1686	2597	2800	3138	3139	3140	3141	3142	4645	4839	5158	5269	5270	5729	5730	6300	6821	7226	7227
450	949	3880	4649	6011	6095	6096	6097	6098	6099	6100	6656	6659	6905	7584
2539	2540	3158	5957	5958	6267	6268	6700	7279	7280
339	1556	1735	1741	2550	2551	2746	3400	3401	3612	4024	5101	5102	5103	5115	5116	5645	5681	5839	5840	6145	6146	6706	6707	6932	7197
1470	1472	1669	1670	1708	1709	1710	1711	1713	1714	1715	1750	1755	1758	1762	2116	2393	2813	3039	3095	3098	3302	3303	3304	3305	3362	3363	3394	3399	3777	4008	4039	4040	4244	4504	5033	5164	5227	5262	5344	5345	5346	5347	5348	5383	5384	5691	5890	5891	5991	6453	6454	6638	6810	6894	6970	7026	7308	7346	7539	7613
604	2063	2064	2065	2066	2068	2889	2891	3730	3731	3732	5507	5612	6694	6695	7255	7256	7466
1272	1274	1432	1518	1519	1624	1625	1626	1627	1628	1629	1630	2561	2654	2974	4378	4552	4553	4555	4556	4557	4558	4960	6610	7064	7343	7452
188	3186	3236	3879	3882	4380	4430	4481	4483	4484	4485	4486	4487	4489	4696	4748	4749	4750	6236	6604	6657	6881	6882	7062	7390
897	898	901	2386	2868	4095	4096	4097	4099	4101	4224	4225	4390	5268	5950	5953	5954	5955	6285	6377	6424	6458	6936	7032
131	2088	2089	2090	2091	2093	2496	2870	2871	3081	3082	3229	3906	4717	4718	5671	5758	5759	5762	5763	5764	5838	5851	6737	7367
398	406	972	976	979	980	2201	2202	2341	2609	2787	2837	2838	2840	2961	2962	2997	2998	3285	3286	3333	3379	3380	3382	3383	3384	3385	3458	3470	3480	3481	3482	3483	3484	3485	3487	3488	3489	3570	3572	3574	3575	3576	3577	3615	3687	3690	3715	3716	3720	3866	3867	3868	3869	4238	4288	4289	4575	4709	4817	4818	4828	4931	4987	4988	4989	5139	5222	5224	5248	5349	5503	5607	5636	5660	5928	5933	5934	6025	6026	6027	6028	6076	6077	6078	6109	6111	6112	6113	6114	6115	6116	6117	6118	6119	6120	6122	6123	6125	6127	6128	6129	6130	6131	6293	6314	6340	6440	6447	6578	6752	6756	6934	7022	7199	7263	7455	7586
11	258	259	260	436	437	440	937	1026	1978	2097	2388	2407	2498	3013	3015	3587	3822	4296	4297	4385	5882	5951	5970	6045	6161	6162	7091	7101	7102	7103	7468	7469
1452	1453	1454	1455	3949
3002	3093	3094	4581	4833	5385	5386	5387	5461	5572	6480	6669	6681	7200
1590	1916	1918	3083	3084	3225	3654	3655	3656	3658	3659	3739	4409	4410	4411	4412	4851	5042	5043	5044	5045	5401	5508	5509	5734	6281	6857	7335
698	3786	6318	6319	6320	6442
138	155	162	276	278	282	285	290	291	293	1060	1115	1147	1228	1271	1363	1366	1370	1656	1657	2062	2925	2972	2973	3058	3188	3191	3272	3273	3275	3277	3560	3769	3771	3943	3994	4005	4022	4033	4034	4188	4307	4308	4566	4801	4853	5211	5366	5576	5597	5777	5853	5855	6266	6302	6303	6304	6358	6445	6554	6896	6897	7039	7040	7257	7289
177	178	182	187	189	190	193	408	410	411	520	521	522	523	524	525	526	527	528	529	531	532	553	555	557	763	912	1078	1099	1101	1102	1103	1104	1107	1108	1111	1112	1113	1114	1119	1122	1440	1449	1717	1718	1914	1915	1973	1974	2075	2098	2272	2273	2274	2275	2276	2279	2488	2490	2629	2630	2631	2632	2633	2634	2635	2765	2766	2767	2966	2978	2981	2982	3003	3025	3050	3101	3107	3108	3205	3206	3306	3307	3496	3497	3498	3708	3709	3746	3787	3807	3809	3811	3812	3813	3814	3815	3816	3832	3876	3881	3883	3918	3925	4065	4100	4132	4198	4199	4200	4295	4320	4326	4328	4340	4341	4342	4422	4423	4448	4449	4538	4609	4650	4711	4712	4713	4714	4715	4716	4990	4991	5198	5430	5476	5479	5498	5501	5739	5769	5772	5813	5885	5923	6073	6079	6080	6179	6219	6224	6225	6328	6336	6468	6469	6489	6564	6597	6598	6628	6642	6739	6771	6788	6797	6852	6873	6918	6998	6999	7042	7055	7144	7245	7372	7399	7430	7453	7471	7472	7529	7602
261	266	271	1631	1632	2873	4751	6607	7415
603	605	1088	1089	1090	1091	1815	1991	1992	1993	1994	1995	1997	1998	1999	2000	2847	3127	3128	3624	4388	4389	4780	5024	5025	5243	5246	5329	5538	5546	5721	5896	7158	7190	7378	7497
4602	5988	5989	6486	7491
928	940	1174	1444	2489	2965	2968	3008	3204	3207	3208	3332	4201	5080	5266	5267	6953
142	1617	1618	2915	2917	3211	3212	3213	3214	3710	3711	3828	3829	4306	4835	4994	4995	4996	4997	5091	5402	5810	5862	5863	6231	6533	6764
801	4471	4472	4491	5055	5056	5057	7494
402	403	732	733	1446	3634	3801	4466	4467	5811	5812	6333	6484	7167	7345	7522	7523	7562	7619
1283	1284	1285	1286	1287	1288	2975	2976	2977	3366	3367	3578	3580	3582	3583	3585	3586	3588	3875	4583	4584	4929	5201	5202	5203	5204	5205	5502	5724	5852	5894	6270	6271	6272	6521	6524	6965
219	275	277	279	284	289	294	1773	1776	1778	2218	2219	2220	2221	2222	2223	2224	2225	2424	2425	2562	2589	2590	2775	3376	4317	4318	4319	4329	4330	4331	4478	4637	5231	5276	5277	5436	5747	5748	6352	6924	7025	7169	7171	7606
77	1559	1703	2244	2317	2938	3019	3437	3438	3440	3726	3761	3762	4776	4778	4779	5061	5330	5362	5363	5364	5841	6284	6983	7046	7464
1976	2389	2405	2408	3176	3178	3197	3339	3340	3759	3945	4068	4384	4386	4752	4773	4775	4980	4981	4983	5026	5028	5029	5030	5834	5905	5906	5992	6140	6142	6257	6426	7320	7349	7359
369	370	624	627	628	875	877	1844	2447	2860	2886	3335	3800	4847	4940	5487	5898	6326	6348	6364
6305
9	1234	1235	1236	1237	1375	1376	1377	1652	1653	1972	2073	2074	2371	2826	3126	3966	3967	3968	3969	3971	4128	4431	4432	4433	5241	5904	6066	6526	6528	7352	7507	7589
5804	5805	7546
479	593	594	595	596	1316	1317	1318	1319	1873	1876	1877	1878	1880	1881	1882	1883	1884	4635	6286	7513
252	866	868	991	1231	1232	1233	1325	2118	2297	2723	3491	3511	3512	3513	4270	4441	4469	4470	4669	4897	4898	4917	4922	4948	6023	6086	6198	6652	6984	7114	7206	7515
1562	1563	5672	5673	5713	6103	7241	7283	7284	7285	7286
1127	1888	2239	2241	3266	3267	3279	3387	3388	3389	3960	3961	4169	4170	4844	5460	5699	5784	6848	6981	6982	7458
356	431	432	433	434	573	2009	2010	2552	2553	2616	2617	2788	2789	3386	4770	4820	4821	4822	5361	5403	5404	5406	5540	5541	5542	6010	6247	6580	6601	7215	7249	7581
44	48	1785	1786	1787	1788	1857	1859	2282	2283	2995	2996	3018	3649	3650	3944	4060	4061	4062	6252	6543	6544	6992	7073	7182	7572
132	134	136	137	140	143	145	148	149	151	154	157	159	160	161	165	235	323	412	415	416	420	421	424	430	469	484	490	511	513	551	552	741	946	1058	1129	1239	1240	1371	1373	1576	1685	1687	1688	1690	2796	2797	2799	2803	2804	2805	2806	2808	2809	2810	3052	3053	3054	3055	3057	3060	3061	3190	3235	3261	3262	3264	3410	3413	3425	3983	3992	3993	3995	3997	4004	4006	4035	4427	4468	4567	4568	4569	4676	5104	5140	5150	5152	5162	5351	5356	5358	5737	5776	5915	6144	6803	7212	7451
335	336	337	338	660	981	982	984	985	986	989	990	993	994	996	997	998	999	1000	1002	1301	1302	1303	1471	1496	1497	1646	1649	1650	1754	1814	2207	2428	2429	2430	2431	2432	2433	2434	2435	2436	2437	2438	2439	2879	2880	2990	3097	3817	3859	4042	4056	4155	4219	4403	4407	4532	4725	4758	4791	4793	5023	5066	5125	5228	5255	5518	5561	5590	5591	5639	5640	5667	5706	5719	5803	5814	5815	5816	5817	5877	5878	5931	5949	5961	6070	6081	6085	6241	6519	6649	6817	6838	6861	6941	6942	6951	7036	7043	7044	7112	7130	7131	7132	7164	7319	7391	7413	7427	7498	7511	7570	7571
475	476	961	962	1587	1588	2175	2176	2242	2243	2318	2601	2602	2603	2893	2894	3251	4298	4667	4668	4939	5067	5068	5256	5257	5258	5259	5260	5261	6361	6460	6461	6462	6831	6832	7496
94	108	737	755	775	778	781	784	1256	2261	2263	2264	2656	2664	2667	2670	2679	2699	2703	2705	3558	3639	3686	3979	4860	4861	5093	5306	5995	6166	6705	6709	7377
254	327	340	344	657	839	846	858	859	860	1044	1086	1087	1207	1208	1209	1210	1493	1495	1530	1532	1533	1534	1536	1537	1538	1540	1541	1542	1551	1555	1557	1583	1585	1641	1695	1706	1719	1722	1729	1731	1733	1739	1743	1745	1749	1751	1760	1764	1767	1768	1865	1866	2054	2057	2108	2114	2115	2117	2119	2120	2122	2123	2174	2191	2192	2214	2215	2269	2296	2298	2373	2456	2457	2458	2459	2461	2464	2467	2528	2530	2531	2533	2535	2536	2537	2538	2541	2542	2543	2544	2570	2572	2620	2621	2794	2814	2815	2816	2854	2855	2856	2857	3077	3078	3109	3110	3150	3162	3167	3203	3364	3397	3492	3602	3834	3835	3836	3857	3987	4027	4077	4078	4088	4218	4234	4235	4251	4265	4458	4503	4530	4531	4642	4706	4707	4866	4899	4928	4971	4972	5163	5165	5236	5400	5486	5755	5778	5836	5848	5984	6048	6049	6234	6254	6334	6335	6403	6464	6635	6667	6710	6711	6716	6755	6782	6851	6876	6892	6973	7007	7016	7059	7079	7082	7504	7516	7521	7538	7611
59	1137	1142	1658	1659	1660	1661	2369	2892	2898	2899	2900	2901	3170	3171	3172	3173	3441	3442	3443	3865	4172	4173	4174	4175	4508	4509	4510	4511	4512	4513	4959	5052	5176	5177	5184	5219	5220	5221	5292	5746	5751	5773	5820	5821	5822	6071	6251	6337	6781	6864	6931	7139	7412	7551	7553
135	141	144	150	158	470	508	509	510	512	514	515	516	517	581	601	602	885	947	948	950	951	953	954	955	1052	1126	1130	1573	1574	1575	1577	1578	1679	1680	1681	1682	1683	1684	1896	1897	2005	2006	2007	2008	2161	2334	2335	2336	2831	2832	2833	2834	2927	2928	3000	3056	3062	3063	3064	3106	3187	3276	3416	3770	3897	3898	3908	3996	3998	3999	4000	4002	4356	4570	4596	4881	4944	5159	5160	5161	5229	5230	5313	5314	5381	5775	6040	6192	6344	6362	6717	6718	6719	6829	6830	6956	6975	7075	7076	7098	7099	7161	7186	7368
900	903	1029	1520	1521	1522	1523	1524	1525	1526	1527	1528	1529	1828	2022	2023	2387	2862	2863	2864	2865	2866	2867	3209	3210	3245	3537	4074	4670	4734	4735	4736	5286	5287	6197	6273	6342	6615	7358
1145	3265	3742	3743	4179	4180	4181	4182	4183	4514	4580	5019	5690	5844	6030	6154	6155	7020	7021	7050	7140	7141	7142	7143	7145
79	218	418	1309	1433	2848	2850	2852	2853	3260	3270	3626	4157	4158	4416	5379	5473	5474	5670	5962	6731	6732	6824	6825	7517
204	206	208	237	579	725	726	727	728	729	730	731	884	886	888	1330	1415	1416	1949	1956	1958	1962	1963	1989	2018	2019	2020	2025	2026	2027	2037	2166	2367	2440	2545	2548	2549	2740	2994	3017	3022	3067	3069	3071	3072	3074	3237	3240	3241	3607	4057	4059	4153	4299	4463	4524	4600	4601	4603	5095	5127	5128	5129	5131	5132	5134	5135	5136	5137	5138	5180	5181	5183	5185	5186	6132	6253	6306	6422	6423	6466	6673	6878	7019	7118	7262	7434	7454	7514
472	473	569	574	575	578	580	1858	2993	3527	3630	3631	3632	3633	3684	4358	4682	4683	4765	4766	5455	6341	7500	7501
299	314	315	952	1079	1081	1082	1083	2195	2196	2660	3268	3323	3705	4046	4048	4148	4149	4150	4788	4789	4856	4857	4914	5393	5394	5547	5727	5728	5801	6574	6575	6579	7047	7121	7162
428	883	1131	1212	1213	1579	1580	1581	1886	1987	1990	2041	2043	2045	2481	2926	3168	3411	3533	3701	4094	4798	4829	4830	4832	4834	4836	4837	4838	4841	5470	6058	6671	6682	6768	6938	7489	7525	7548	7601
2011	2012	2013	2700	3391	3823	3825	3826	5395	5708	5709	6432	6757	6758	6759	7231	7554	7561
1224	1942	1943	1944	2556	3066	3592	3725	3727	3728	5463	5975	6232	6308	6309	6545	6546	6855	7170	7315	7316	7321	7422
216	220	1149	1150	1151	1152	1153	1154	1155	1456	1752	2204	2205	2206	3295	3521	4104	4105	4106	4107	4796	4911	5207	5208	5537	5996	6136	6288	6433	6634	7083	7146	7544	7560	7599
83	87	1907	1908	1909	2465	3033	3034	3035	3122	3123	4612	4613	4614	4615	4665
1822	2171	2284	2626	2734	2735	3258	3259	5626	5627	5710	7219
426	464	465	467	468	2554	2581	2907	4419	5471	5781	5944	6024	6029	6031	6572	7486
221	459	460	461	1324	2092	2248	2250	2251	2252	2253	3312	3313	3314	3315	3316	3317	3460	3569	3907	4085	4393	4499	4871	4872	4930	5168	5284	5369	5370	6074	6165	7225
328	329	330	331	332	333	334	2070	2071	3041	4325	4719	4720	5094	5206	5433	5580	5581	5782	6244	6997	7001	7172
1290	1291	3536	4245	4246	4247	4248	4249	5105	5106	5217	5225	5226	5511	5512	5513	6108	6586	6587	6593	7450
211	212	213	1380	1381	1382	1383	1384	1385	1387	1388	1389	1390	1391	1392	1393	1394	1395	1396	1397	1398	1399	1400	1401	1402	1403	2280	2281	3043	3044	3046	3519	3567	3568	3922	4282	4599	4781	4782	4908	4909	5046	5118	5119	5676	5799	5939	6490
1831	1832	1833	6658	6968
1009	1010	1012	1013	1014	1015	1016	1017	1018	1019	1310	3293	3294	3297	3298	3299	4492	4493	4795	5407	5408	5410	5411	5694	5695	5771	6218	6240	6661	7375
652	658	659	1098	1564	1565	1693	1694	1951	2178	2179	2189	2190	2546	2547	2585	3026	3027	3028	3029	3030	4889	4890	4961	5873	6059	6060	6061	6860	6917	7436	7482	7566
374	1643	2427	2500	2501	2845	2849	2851	3075	3076	3199	3200	3426	3427	3471	3472	4910	5943	6594	7068	7069	7085	7213
3928	3929	3930	4146	4147	4945	4946	4947	6472
1378	1379	3359	4629	7119	7224
72	73	74	76	78	80	639	640	641	1215	2846	3433	4233	5334	5335	5338	5342	5343
1996
4	550	1917	3465	3469	3490	3722	3723	4260	4526	4579	4608	5223	5482	5662	5825	5826	5857	5869	6668	6870	7033
556	1509	1512	1513	1802	1860	1861	1862	3001	3114	3242	3524	3886	4636	5145	5146	5567	5990	6434	6562	7230	7360	7386	7600
361	362	363	451	452	454	1671	1674	1676	2245	2641	2902	2904	2905	2906	2909	2910	2913	2914	2947	3444	3933	4190	5237	5302	6014	6017	6018	6019	6020	6021	6022	7499
1434	2113	3369	3370	4130	4131
176	936	2230	2232	2484	2485	2486	2487	3012	3923	3965	4279	4450	5298	5299	5300	5440	6088	6382	6520	6585	6621	6922	6989	7420	7590	7597
0	1	264	267	273	530	606	608	610	614	615	616	619	620	621	626	629	971	1166	1167	1168	1170	1171	1589	1591	1592	1593	1594	1595	1834	1835	1836	1837	1838	1839	1840	1841	1842	1843	1845	1846	1847	1848	1849	1850	1851	1868	1869	1870	1871	1872	2246	2247	2299	2300	2302	2303	2305	2306	2307	2308	2639	2644	2755	2908	2955	3031	3032	3112	3160	3161	3175	3274	3287	3318	3353	3354	3360	3390	3432	3663	3664	3665	3666	3667	3838	3839	3840	3841	4016	4044	4052	4053	4054	4055	4080	4280	4343	4494	4576	4577	4578	4867	4992	5037	5038	5058	5059	5086	5087	5414	5415	5416	5582	5650	5651	5652	5674	5692	5827	5963	6034	6156	6248	6249	6392	6406	6407	6417	6439	6493	6583	6631	6688	6723	6724	6729	6874	6891	6944	6958	6959	6960	6974	7092	7127	7128	7176	7210	7237	7238	7383	7389	7411	7530	7541
1582	1584	1586	1829	1830	2193	5448	5779	5978	7218
263	591	592	635	924	2730	3011	3330	3331	3970	4585	4586	4587	4589	4590	4591	4593	4594	4620	4783	4964	5054	5100	5711	5831	5832	5976	5987	6888	6906	7105	7396
7	799	800
8	914	1110	1277	1278	2983	3445	3446	3682	3683	3756	3757	3884	4161	4294	5478	5948	6436	6518	6527	6735	7052	7053	7054
88	1545	3221	3617	3618	4037	4038	5143	5144	7348
1225	2361	2364	3525	4643	5036	5469	5879	5880	6189	6190	6452	6940
3350	3403	3404	3405	3406	7329
2921	2922	3900	3901	3902	6701	6702	7189	7252	7417
196	1439	2270	2277	2403	2406	3010	3745	3785	3788	3877	3878	4134	4135	4136	4490	5027	5123	5147	5634	5936	6387	6792	7503	7578
577	2701	4886	6050	6051	6451	6514	6734
1186	3644	3645	3646	4347	6819	7041
699	701	702	703	704	705	707	708	709	710	712	713	714	715	716	718	719	1030	1335	1337	1338	1339	1345	1346	1347	1348	1349	1350	1352	1353	1354	1355	1357	1359	1463	1465	1473	1474	1475	1476	1477	1478	1479	1480	1481	1482	1791	1792	1793	1794	1795	1796	1924	1925	1926	1927	3544	3671	3672	3748	3820	3833	4226	4227	4229	4534	4536	4823	4824	5009	5010	5200	5843	5859	5909	5910	6176	6383	7363	7588
967	2836	2984	2985	2986	2987	2988	2989	3733	4657	4658	4659	4660	4661	4726	4727	5684	5702	5703	6991	7207
518	519	2504	3522	3523	4435	4436	4900	4901	4902	5264	5265	6169	6517	6843	7002	7004
70	71	185	226	227	292	474	879	880	881	882	939	1038	1039	1040	1041	1109	1157	1160	1304	1307	1320	1321	1328	1329	1358	1498	1505	1506	1507	1508	1597	1598	1599	1723	1781	1863	1864	2002	2003	2004	2099	2394	2395	2747	2748	2749	2750	3023	3201	3239	3283	3284	3596	3621	3657	3673	3674	3675	3776	3824	4012	4195	4196	4266	4269	4381	4382	4383	4396	4397	4399	4535	4544	4545	4562	4563	4595	4728	4777	4799	4868	4869	4870	4894	4920	4921	4932	5002	5003	5004	5020	5021	5022	5069	5070	5071	5174	5193	5194	5195	5196	5333	5365	5388	5389	5390	5451	5568	5569	5570	5584	5620	5621	5622	5623	5649	5687	5688	5733	5794	5795	5796	5907	5908	5932	6001	6091	6106	6107	6151	6152	6153	6209	6210	6256	6343	6356	6357	6369	6389	6492	6549	6602	6603	6632	6713	6714	6715	6721	6722	6761	6762	6763	6769	6770	6811	6812	6850	6863	6945	7008	7015	7104	7178	7188	7208	7209	7313	7314	7341	7342	7392	7418	7445	7446	7447	7478	7506	7532	7556	7557	7614	7616
3143	3144	3145	3146	3148	3154	3155	3473	3474	4350	6588
905	3348	3349	3351	3818	3819	3919	3920	4254	4255	5629	5630	5756	6221	6222	6277	7202	7353	7355	7356
2249	3152	3153	4372	4373	4374	4375	4445	4447	5210	5856	6875	7023
1689	3091	3092	4845	5339	5488	5489	5870	5871	5872	6349	6350	6351	7009	7344	7610
167	168	169	170	171	172	173	249	251	253	255	256	324	326	342	343	345	347	348	441	442	558	560	561	562	564	566	653	654	655	656	841	843	845	847	848	849	851	853	855	863	864	865	867	869	942	995	1005	1006	1042	1043	1132	1211	1268	1269	1270	1298	1299	1300	1333	1531	1539	1543	1546	1547	1548	1550	1552	1553	1648	1678	1707	1720	1724	1725	1726	1727	1728	1730	1732	1734	1736	1737	1738	1740	1742	1744	1746	1747	1753	1756	1759	1761	1763	1765	1766	1817	1904	1988	2039	2051	2052	2053	2055	2056	2058	2101	2104	2105	2107	2109	2110	2111	2121	2124	2208	2422	2426	2460	2462	2463	2466	2745	2897	3038	3147	3163	3165	3338	3345	3346	3347	3396	3398	3402	3493	3494	3495	3503	3504	3564	3565	3594	3753	3778	3837	3852	3853	3854	3855	3858	3860	3861	3862	3863	3864	3986	3991	4009	4010	4018	4025	4036	4253	4271	4418	4533	4540	4541	4542	4627	4673	4680	4704	4705	4913	4935	4949	4970	4979	5154	5307	5310	5376	5409	5514	5533	5562	5664	5679	5714	5715	5718	5726	5985	6067	6068	6239	6255	6332	6405	6510	6567	6670	6765	6779	6826	6827	6828	6954	7017	7028	7327	7362	7409	7537	7565	7593	7621
