12	175	187	522	524	528	912	1099	1101	1102	1103	1104	1108	1110	1112	1119	1122	1439	1663	1665	1860	1861	1862	2002	2003	2004	2099	2273	2274	2275	2276	2277	2279	2406	2965	2983	3008	3025	3496	3497	3745	3785	3786	3788	3875	3876	3885	3886	3887	3918	3965	4326	5078	5145	5146	5476	5477	5478	5480	5724	5769	5936	5971	5990	6079	6080	6224	6225	6235	6237	6272	6305	6419	6436	6739	6937	6967	6998	7055	7245	7372	7471	7503
10	204	205	209	236	238	390	391	392	393	394	396	397	399	400	401	670	671	884	886	887	972	973	974	975	976	977	978	979	1047	1123	1124	1189	1190	1191	1192	1193	1194	1195	1197	1198	1642	1916	1919	1920	2018	2019	2020	2341	2546	2549	2736	2737	2740	2741	2768	2769	2770	2771	2837	2838	2839	2840	2961	2962	2997	2999	3237	3238	3239	3240	3377	3378	3379	3380	3381	3382	3383	3384	3385	3417	3421	3422	3457	3462	3464	3465	3466	3468	3469	3470	3480	3481	3482	3483	3484	3485	3486	3487	3488	3489	3490	3570	3572	3573	3574	3576	3577	3606	3608	3670	3687	3688	3689	3690	3691	3692	3693	3712	3713	3714	3715	3716	3717	3718	3719	3720	3721	3722	3868	3869	4153	4154	4237	4238	4239	4260	4290	4291	4292	4366	4476	4477	4523	4524	4525	4527	4528	4529	4543	4575	4601	4603	4608	4662	4718	4803	4804	4817	4818	4828	4931	4933	4934	4987	4988	4989	5120	5121	5131	5135	5141	5178	5183	5187	5222	5224	5248	5252	5305	5315	5349	5371	5503	5534	5563	5607	5608	5624	5625	5635	5636	5660	5662	5671	5825	5868	5933	5934	6025	6026	6027	6028	6039	6076	6077	6078	6109	6110	6111	6113	6115	6119	6127	6130	6253	6262	6293	6301	6314	6413	6422	6423	6427	6440	6465	6481	6495	6496	6498	6501	6509	6538	6578	6612	6614	6672	6752	6806	6934	6946	6995	7018	7137	7154	7155	7177	7199	7262	7263	7366	7434	7454	7455	7586
1025	2098	2417	3049	3050	3051	3226	4132	4609	5039	6191	6529	6530	6531	6532	6605	7065	7247	7276	7480
1224	1942	1943	1944	2148	3592	4169	4170	5784	6232	6308	6309	6855	7315	7316	7422
871	872	2788	2789	4688	4770	6580	6601	7444	7470
799	800	801	1831	1832	1833	4001	4471	4472	4491	6658	6968	7151	7494
32	89	90	127	129	210	406	407	630	700	925	927	1022	1292	1293	1447	1635	1652	1655	1681	1782	1797	1799	1809	1810	2149	2150	2287	2288	2289	2291	2293	2294	2295	2411	2413	2414	2415	2416	2419	2761	2881	2882	2957	3005	3006	3198	3242	3601	3629	3700	3768	3891	3950	4163	4164	4359	4367	4414	4506	4546	4589	4592	4632	4687	4693	4854	4965	4968	5175	5632	5633	5712	5917	6005	6008	6009	6033	6093	6188	6282	6283	6446	6477	6504	6594	6626	6666	6686	6747	6789	6791	6799	6972	6990	7369	7425	7505	7580	7620
1584	1907	1908	1909	3033	3034	3035	3122	3123	3124	3125	3668	3669	3856	4137	4612	4614	4665	5263	5705	5707	6487	6488	7218
7	9	597	598	732	735	906	907	908	909	910	911	915	916	917	918	919	920	921	922	923	1070	1276	1361	1408	1430	1502	1503	1504	1560	1561	1603	1610	1819	1820	1821	1822	1824	1825	2171	2271	2278	2290	2384	2385	2895	3023	3129	3130	3131	3132	3133	3134	3135	3136	3657	3760	3774	3775	3903	3951	4109	4110	4111	4112	4113	4114	4115	4116	4117	4118	4119	4120	4121	4122	4123	4194	4434	4495	4498	4587	4740	5074	5149	5182	5264	5435	5567	5710	5716	5738	5837	5929	5956	5987	5993	6066	6092	6134	6389	6618	6643	6660	6696	6697	6850	6877	6911	6943	7038	7179	7341	7342	7360	7492	7493	7495	7533	7598
3093	3094	4580	4581	4833	5385	5386	5387	5572	6480	6669	6681	7200
1723	3776	3777	3823	3824	3826	4920	4921	5069	5070	5071	5649	7561
21	22	23	25	26	27	29	31	33	34	35	36	37	38	39	122	123	124	125	126	207	214	215	632	637	642	643	644	645	646	647	648	649	650	651	720	722	723	802	803	804	805	806	807	808	809	810	811	812	813	814	815	816	817	818	819	820	821	822	823	824	825	826	827	828	829	830	831	832	833	834	835	889	890	891	892	893	894	895	896	1024	1033	1034	1035	1036	1259	1260	1261	1418	1419	1420	1421	1426	1427	1428	1429	1435	1437	1445	1491	1492	1566	1567	1568	1605	1608	1609	1611	1615	1667	1668	1932	1933	1934	1935	1940	1941	2083	2351	2353	2354	2355	2356	2412	2453	2454	2455	2506	2507	2508	2509	2510	2511	2512	2513	2514	2515	2594	2595	2596	2790	2823	2824	2825	2958	2959	2960	2992	3036	3218	3219	3220	3243	3271	3278	3280	3281	3288	3289	3290	3291	3292	3321	3322	3324	3325	3326	3327	3328	3329	3418	3419	3435	3506	3507	3528	3530	3585	3685	3763	3764	3765	3766	3767	3784	3803	3805	3847	3893	3894	3899	3917	3926	3927	3936	3937	3938	3964	4045	4049	4089	4184	4266	4267	4268	4293	4349	4354	4368	4369	4413	4424	4425	4475	4496	4548	4582	4653	4672	4710	4721	4722	4723	4724	4747	4760	4767	4768	4797	4887	4904	4938	5081	5109	5251	5295	5296	5382	5602	5617	5643	5682	5683	5780	5912	5925	5926	5962	5977	5998	5999	6002	6004	6042	6135	6196	6221	6222	6261	6277	6322	6323	6347	6420	6421	6473	6474	6475	6476	6494	6526	6542	6611	6674	6675	6676	6677	6678	6679	6680	6727	6728	6742	6746	6790	6798	6835	6879	6901	6947	7048	7063	7113	7204	7205	7239	7336	7337	7361	7376	7385	7397	7398	7404	7416	7442	7481	7483
1051	1965	1966	1967	1968	2608	3780	5100	5543	5951	6149	6258	6331	6431	7174	7243	7244	7281	7282	7403	7474
0	1	266	271	530	606	608	610	615	619	620	621	626	629	971	1166	1167	1169	1170	1589	1593	1594	1631	1632	1677	1834	1835	1836	1837	1838	1839	1840	1841	1842	1843	1845	1846	1847	1848	1849	1850	1851	1868	1869	1870	1871	1872	2245	2246	2247	2307	2639	2908	2955	3031	3032	3160	3161	3175	3287	3318	3353	3354	3360	3390	3432	3663	3665	3666	3667	3838	3839	3840	3841	3842	4052	4053	4055	4080	4191	4280	4576	4577	4578	4771	4867	4874	5037	5038	5058	5086	5087	5238	5239	5240	5414	5415	5650	5651	5652	5674	5692	5867	5963	6249	6439	6493	6607	6631	6688	6724	6729	6891	6959	6974	7210	7389	7411	7415	7530	7541
297	298	300	301	302	589	590	1600	2125	2126	2127	2128	2129	2130	2131	2132	2133	2134	2135	2136	2137	2138	2139	2141	2142	2143	2144	2145	2146	2147	2164	2165	2180	2182	2183	2184	2310	2468	2469	2470	2471	2472	2473	2474	2475	2476	2477	2478	2479	2480	2573	2574	2575	2929	2930	2931	2932	2933	3137	3702	3703	3704	3707	3962	3963	3972	3973	3974	3975	3976	3977	3978	3980	3981	3982	4108	4243	4244	4353	4444	4539	5458	5459	5577	5578	5579	5613	5614	5693	5752	5765	5785	5786	5787	5788	5789	5790	5791	5792	5797	6083	6172	6173	6229	6245	6311	6312	6388	6443	6478	6483	6513	6563	6600	6617	6683	6775	6780	6884	6908	6909	6930	6955	6985	7106	7198	7234	7388	7410	7467
185	879	880	881	882	914	1277	1278	1498	2358	2967	3185	3186	3445	3446	3682	3683	3756	3757	3879	3882	4161	4294	4328	4380	4430	5948	6236	6527	6656	6657	6882	7052	7053	7054	7062
836	943	944	1314	1315	2081	2618	2619	2621	2623	3589	3590	3591	4261	4262	4263	4264	4923	5213	5218	5308	5309	5420	6090	6373	6662	7347	7395
658	1098	1564	1565	1693	1694	1695	2178	2179	2189	2190	3029	4889	4890	6860	6917	7436
24	2648	3176	3177	3228	3236	3448	3449	3450	3451	3755	4446	4481	4483	4484	4485	4488	4489	4490	4519	4535	5009	5010	5123	5285	5481	5665	5666	5680	5700	5701	5783	6163	6540	6541	6726	6902
258	259	435	436	437	438	439	440	456	457	458	897	901	902	904	2389	2410	2624	2625	2627	2963	2969	3082	3945	4095	4096	4097	4098	4099	4101	4586	4773	4774	4775	4794	4999	5190	5191	5267	5268	5483	5484	5655	5656	5657	5946	5947	5955	6047	6174	6285	6307	6424	6425	6458	6664	7032	7292
81	82	92	93	94	95	96	97	98	99	100	101	103	104	105	106	107	108	109	110	111	112	113	114	115	116	117	118	119	120	121	331	333	427	535	536	537	572	576	582	737	738	739	740	742	743	744	745	746	747	748	749	750	751	752	753	754	755	756	757	758	759	760	761	762	764	765	767	768	769	770	771	772	773	774	775	776	777	778	779	780	781	782	783	784	786	787	788	789	790	791	792	793	794	795	796	797	798	950	1071	1072	1073	1256	1572	1639	1640	2014	2261	2263	2264	2649	2650	2651	2652	2653	2655	2656	2657	2658	2659	2661	2662	2663	2664	2665	2666	2667	2668	2669	2670	2671	2672	2673	2674	2675	2676	2677	2678	2679	2680	2681	2682	2683	2684	2685	2686	2687	2688	2689	2690	2691	2692	2693	2694	2695	2696	2697	2698	2699	2702	2703	2704	2705	2706	2707	2708	2709	2710	2711	2712	2713	2714	2715	2716	2717	2718	2719	2835	2843	2853	3041	3215	3556	3557	3558	3559	3566	3639	3640	3686	3955	4162	4197	4302	4316	4321	4325	4387	4698	4805	4806	4860	4861	5031	5092	5093	5206	5306	5431	5432	5545	5580	5581	5679	5704	5887	5888	5995	6057	6082	6182	6212	6213	6214	6215	6216	6217	6244	6329	6330	6516	6561	6608	6639	6705	6709	6772	7168	7217	7326	7377	7405	7408	7487	7520	7526	7542
102	226	227	1263	1266	1267	1321	2153	2155	2157	3621	3622	3623	3625	3626	4549	4550	5473	5474	6223	6356	6357	7024	7173	7437	7438	7592
133	134	137	139	140	143	145	147	148	151	152	153	154	156	159	163	164	165	217	230	281	292	318	319	322	323	412	413	414	416	419	420	421	422	423	443	444	445	446	447	448	450	551	552	583	584	785	956	957	1057	1062	1063	1067	1093	1129	1164	1165	1182	1226	1227	1239	1240	1242	1247	1249	1252	1255	1257	1360	1365	1374	1602	1623	1624	1627	1628	1629	1630	1685	1687	1688	1690	1691	1716	1780	2060	2285	2286	2361	2362	2363	2364	2726	2727	2728	2731	2732	2733	2758	2796	2801	2805	2806	2807	2809	2810	2869	2970	3054	3057	3059	3060	3261	3262	3352	3407	3409	3410	3413	3447	3543	3904	3910	3983	3996	4022	4023	4222	4223	4287	4303	4309	4313	4334	4378	4442	4443	4552	4553	4555	4556	4557	4558	4567	4644	4646	4676	4905	4907	5162	5173	5350	5351	5352	5355	5356	5365	5464	5574	5575	5598	5647	5776	5808	5823	6032	6056	6141	6143	6144	6157	6193	6295	6385	6412	6539	6629	6630	6685	6721	6722	7064	7086	7093	7094	7212	7216	7287	7309	7324	7325	7330	7479	7484	7488	7531	7549	7567	7573
1432	1518	1519	6912
1248	1328	1329	4918	4919	5002	5530	5531	5532	6046	6640
622	623	1262	1311	1312	1662	3319	3320	3653	4259	4429	4903	5005	5117	5209	5275	5368	5661	5675	5720	5732	5889	5903	6069	6402	6689	6690	6777	6793	6871	7066	7088	7089	7115	7149	7193	7232	7253	7290	7291	7294	7295	7296	7297	7298	7299	7301	7302	7303	7304	7305	7306	7307
1378	1379	1587	1588	1689	2066	2175	2176	2177	2314	2318	2601	2602	2603	3249	3251	3359	3931	3932	4629	4759	4939	5067	5256	5330	5488	5489	5612	5872	6264	6460	6461	6462	6831	6832	7119	7224	7496	7610
146	228	229	231	232	233	234	320	1053	1054	1056	1061	1065	1068	1069	1092	1094	1095	1096	1097	1238	1241	1244	1245	1246	1250	1251	1253	1254	1258	1692	1874	2262	2424	2425	2777	2798	2802	2916	2952	3040	3042	3296	3300	3371	3372	3373	3374	3376	3415	3554	3613	3614	3797	3798	3799	3825	3909	3911	3912	3913	4086	4087	4143	4144	4165	4166	4370	4371	4451	4452	4453	4645	4647	4786	4815	5233	5272	5273	5274	5353	5421	5422	5423	5466	5490	5491	5504	5506	5564	5573	5641	5642	5654	5722	5723	5741	5742	5743	5745	5884	5918	5973	5974	6043	6260	6278	6294	6428	6557	6704	6849	6862	6976	6996	7005	7006	7013	7022	7171	7231	7233	7461
86	88	335	336	337	660	861	867	981	984	985	986	989	990	993	994	996	997	998	999	1000	1002	1301	1302	1303	1320	1471	1496	1497	1649	1721	1754	1814	1905	1906	2188	2207	2216	2420	2421	2428	2430	2431	2432	2433	2434	2436	2437	2438	2439	3097	3159	3221	3817	4036	4042	4056	4219	4407	4532	4533	4791	4793	4915	5023	5066	5255	5518	5668	5706	5803	5814	5815	5817	5949	6081	6085	6241	6519	6817	6838	6861	6941	6942	6951	7036	7131	7164	7319	7348	7391	7427	7498	7511	7570	7571
899	900	903	1029	1290	1291	1520	1521	1522	1523	1524	1525	1526	1527	1528	1529	1826	1828	2022	2023	2387	2862	2863	2864	2865	2866	2867	2868	3209	3210	3245	3536	3537	4074	4224	4225	4245	4246	4247	4248	4249	4670	4734	4735	4736	5105	5106	5217	5225	5226	5286	5287	5513	6106	6107	6108	6197	6273	6586	6587	6615	7358	7450
4	353	360	495	496	506	507	541	542	546	547	549	661	662	663	664	665	667	668	669	672	734	1004	1156	1332	1535	1910	1911	1912	1913	1939	1946	1948	1950	1952	1953	1954	1955	1957	1959	1960	1961	1964	2050	2152	2166	2167	2168	2226	2227	2259	2494	2571	2576	2577	2578	2579	2580	2582	2583	2584	2585	2586	2817	2909	2953	3004	3020	3021	3070	3073	3151	3461	3463	3479	3604	3605	3610	3638	3736	3737	3791	3792	3827	3888	3889	4138	4139	4141	4240	4256	4344	4345	4401	4402	4404	4405	4406	4421	4455	4456	4457	4459	4460	4461	4605	4607	4654	4684	4708	4761	4762	4891	4892	4893	4924	4926	4952	4953	4954	4961	4975	5040	5048	5049	5050	5083	5085	5095	5110	5111	5113	5130	5133	5304	5326	5327	5328	5374	5375	5526	5527	5528	5529	5548	5549	5550	5555	5556	5557	5558	5559	5560	5585	5606	5717	5725	5749	5826	5854	5857	5858	5873	5881	5883	5895	5921	5937	5997	6012	6075	6121	6133	6150	6180	6194	6195	6211	6274	6275	6276	6315	6415	6429	6435	6485	6499	6512	6567	6569	6650	6668	6703	6803	6804	6836	6898	6925	6926	6927	6928	6929	6963	6971	7037	7045	7084	7107	7159	7192	7201	7213	7258	7265	7266	7267	7268	7269	7270	7271	7272	7273	7275	7365	7370	7431	7432	7440	7482	7558	7566	7591
3928	3929	3930	6472
314	315	1059	1079	1080	1082	1083	2195	2196	2660	3268	3269	3323	4148	4149	4150	4159	4160	4788	4789	4856	4857	4914	5547	5727	5728	5801	6574	6575	6579	7047	7121	7162
218	418	1424	2181	2500	2501	2593	2844	2845	2846	2848	2849	2850	2851	3075	3076	3547	3694	4284	4285	4286	4779	4910	4957	4958	4959	5041	5292	5499	5500	5670	6889	7078
426	766	1225	1364	1888	2059	2241	2481	2554	2654	2700	2804	3235	3267	3533	4377	4419	4568	4838	5036	5358	5360	5460	5781	5944	6029	6030	6031	6159	6757	6758	6759	6848	7406	7458	7554
42	43	364	365	366	367	368	370	371	372	373	374	375	376	377	378	379	380	381	382	383	384	385	613	624	625	627	628	873	874	875	876	877	878	933	934	935	941	1031	1305	1309	1436	1712	1852	1853	1854	1855	1856	2185	2400	2441	2442	2443	2444	2445	2446	2447	2448	2449	2450	2451	2452	2751	2752	2753	2754	2756	2757	2861	2883	2884	2885	2887	3104	3105	3550	3552	3553	3779	3781	3782	3783	3800	3818	4236	4379	4415	4454	4505	4554	4784	4785	4848	4849	4850	4941	4942	4943	5020	5021	5022	5079	5088	5089	5317	5318	5319	5320	5321	5322	5323	5324	5325	5521	5565	5648	5653	5698	5824	5886	5943	5953	5964	5965	5966	5967	5968	5969	5981	5982	6035	6181	6186	6326	6430	6547	6595	6609	6647	6691	6692	6731	6732	6869	6950	7068	7069	7070	7071	7147	7148	7229	7248	7323	7459	7460	7534	7540
211	212	213	1380	1381	1382	1383	1384	1385	1386	1387	1388	1389	1390	1391	1392	1393	1394	1395	1396	1398	1399	1400	1401	1402	1403	2280	2281	3043	3044	3046	3519	3567	3568	3922	4282	4599	4781	4782	4908	4909	5046	5118	5119	5676	5799	5939	6490	6566
252	868	1231	1232	1233	1749	2429	2435	2723	3362	3494	3511	3512	3513	4270	4403	4441	4469	4470	4530	4531	4669	4897	4898	4899	4917	4922	4948	5667	6086	6112	6198	6652	6782	6984	7043	7044	7112	7114	7515
1586	1829	1830	5779	5978
699	701	702	703	704	705	707	708	709	711	712	713	715	716	717	718	1030	1335	1337	1338	1339	1347	1348	1349	1350	1352	1353	1354	1355	1357	1359	1463	1465	1473	1474	1475	1476	1477	1478	1479	1480	1481	1482	1791	1792	1793	1794	1795	1796	1924	1925	1926	1927	2396	2397	2398	3544	3671	3672	3748	3820	3833	4226	4227	4228	4229	4438	4534	4536	4823	4824	5189	5200	5843	5909	6176	6383	7259	7363	7552	7588
5003	5004	5794	5795	5796
459	460	1324	2250	2251	3103	3224	3312	3313	3314	3315	3316	3317	3460	3907	4085	4393	4871	4872	5284	5369	5370	7225
14	1569	1570	1571
321	484	741	952	953	1066	1368	1621	1686	3055	4048	4648	5082	5150	5152	5313	5314	5357	5461	5920	6171	6233	6956	7186
462	463	2253	2404	2591	2592	3349	3569	4868	4869	4870	6369	6492	6980	7104	7392
866	870	1186	2032	2088	2089	2090	2094	2197	2198	2199	2200	2338	2339	2340	2342	2343	2344	2345	2346	2347	2348	2349	2350	2607	2628	3017	3079	3230	3459	3520	3540	3867	4126	4127	4232	4347	4391	5139	5140	5959	5960	6570	6571	6581	6753	6754	6969	7010	7041	7568	7582
464	465	467	468	503	504	505	2581	2907	3096	3099	3940	5061	5062	5063	5065	5418	5471	5961	6024	6572	6935	6983	7486
339	341	967	2242	2244	2836	2852	2893	2984	2986	2987	2988	2989	3127	3499	3500	3501	3502	3730	3731	3733	3735	3740	3741	4400	4416	4657	4659	4661	4685	4726	4727	5402	5684	6414	6764	6808	7255	7256	7414
603	605	1088	1089	1090	1091	1815	1992	1993	1994	1995	1996	1997	1998	1999	2000	3128	3624	5024	5025	5243	5246	5538	5546	5721	5896	7158	7190
28	128	183	184	633	634	638	1020	1023	1027	1028	1100	1120	1121	1431	1441	1443	1446	1448	1510	1512	1604	1606	1607	1612	1613	1614	1633	1634	1636	1654	1803	1804	1807	1808	1811	1812	1813	2038	2095	2096	2352	2407	2483	2896	3007	3047	3048	3114	3216	3246	3392	3393	3436	3526	3529	3531	3545	3546	3549	3579	3584	3724	3801	3802	3806	3808	3881	3890	3892	3895	3934	3935	4276	4277	4278	4279	4335	4388	4389	4502	4633	4634	4694	4819	4966	5124	5142	5250	5279	5424	5426	5427	5428	5429	5644	5906	6208	6434	6585	6606	6738	6740	6741	6743	6744	6745	6748	6749	6751	6794	6795	6796	6800	6801	6847	6913	6914	6966	7057	7116	7328	7345	7387	7420	7463	7475	7579
67	1048	1322	3253	3254	3341	3870	6559	7559
1109	6811	6812	7313	7314
1951	3026	3027	3028	3030	4974	4976	6059	6060	6061
1074	1075	1076	1077	1313	2254	2255	2357	2359	2360	3229	4473	5188	5758	5759	5764	5897	6199	7547
479	593	594	595	596	1316	1317	1318	1319	1770	1873	1875	1876	1877	1878	1879	1881	1882	1883	1884	3211	3212	3213	3214	4635	4944	6286	7513
1038	1039	1040	1041	1064	1128	1579	1580	1581	2557	2795	2926	2951	3273	3411	4103	4562	4563	4798	4799	4800	4894	5571	6549	6768	6896	6897	6938	7490	7525	7532
518	519	1409	3522	3523	3884	3924	4124	4125	4435	4436	4742	4901	4902	5265	6168	6169	6187	6327	6517	6518	6651	6843	7002	7003	7004	7219
240	241	242	243	244	245	246	247	248	1105	1637	1638	1921	1922	1923	1947	1981	1982	1983	1984	1985	1986	2042	2072	2106	2328	2329	2330	2331	2332	2333	2772	2773	2774	2776	2778	2779	2780	2781	2782	2783	2784	2785	2786	3365	3517	3518	3593	3750	3751	3752	3772	3773	3914	4145	4565	4671	4812	4813	4814	5032	6279	6280	6296	6297	6354	6355	6360	6576	6840	6841	6842	6844	6845	6846	7031	7077	7184	7185	7240	7338	7462	7623
1134	1136	1146	2516	2520	2522	2523	2524	2525	2526	3091	3092	4656	4660	4945	4963	4993	5994	6263	6552
328	329	330	332	334	2070	2071	3420	4719	4720	5094	5433	5782	6997	7001	7172
2057	3401	5101	5839	5840	6177	6178	6706	6707	7082
3900	3901	3902	6701	6702
988	1323	1325	1646	1650	1726	1732	2117	2187	4075	5154	5447	5718	5719	6200	6239	6693	6813	6958
1358	6713	6714	6715
277	284	294	1773	1776	1778	2218	2219	2220	2221	2222	2224	2225	2589	2590	2775	4478	4637	4638	5231	5277	7025	7169
19	45	46	47	49	50	56	60	75	78	1133	1135	1138	1139	1140	1141	1143	1200	1205	1214	1216	1217	1218	1219	1220	1221	1412	1413	1414	1514	1515	1517	1698	1700	1704	1705	2067	2173	2923	2924	3115	3116	3118	3119	3121	3250	3434	3734	3896	3942	4304	4333	4361	4364	4365	4479	4480	4559	4825	4827	4947	5335	5340	5493	5750	6160	6185	6265	6712	6923	6962	7027
574	575	578	580	4682	4683	4765	4766	5455	7500	7501
1084	1085	1783	1784	3408	4195	4196	4257	4258	4482	5911	6063	6064	6065	6104	6105	6126	6346	6455	6903	7117	7478
569	4358	6341
66	167	168	169	170	171	172	173	174	224	225	239	249	250	251	253	254	255	256	257	324	325	326	327	338	340	342	343	345	346	347	348	349	441	442	558	559	560	561	562	563	564	565	566	567	652	653	654	655	656	657	659	666	837	838	840	841	842	843	844	845	846	847	848	849	851	852	853	854	855	857	859	860	862	863	864	865	869	942	982	983	991	992	995	1001	1003	1005	1006	1007	1008	1132	1207	1209	1210	1211	1268	1269	1270	1298	1299	1300	1326	1333	1451	1470	1495	1530	1531	1532	1533	1536	1537	1538	1539	1540	1541	1543	1545	1546	1547	1548	1549	1550	1551	1552	1553	1555	1557	1582	1583	1585	1641	1644	1645	1648	1678	1707	1719	1720	1722	1724	1725	1727	1728	1730	1731	1733	1734	1735	1736	1737	1738	1739	1740	1741	1742	1743	1744	1746	1747	1750	1751	1753	1755	1756	1757	1759	1761	1762	1763	1765	1766	1767	1805	1865	1866	1904	1945	1988	2039	2040	2051	2052	2053	2055	2056	2058	2101	2102	2103	2104	2105	2107	2108	2109	2110	2111	2112	2114	2115	2116	2118	2119	2120	2121	2122	2123	2124	2186	2208	2209	2210	2211	2212	2213	2215	2217	2236	2237	2238	2260	2266	2267	2268	2269	2297	2372	2373	2422	2426	2457	2459	2460	2461	2462	2463	2465	2466	2530	2531	2535	2536	2537	2572	2620	2622	2745	2746	2814	2857	2879	2880	2897	3038	3068	3077	3078	3143	3144	3145	3146	3147	3148	3154	3155	3162	3163	3165	3203	3255	3256	3257	3336	3337	3338	3345	3346	3347	3368	3396	3397	3398	3400	3402	3473	3474	3491	3493	3495	3503	3504	3541	3542	3564	3565	3594	3602	3612	3753	3754	3778	3834	3835	3836	3837	3851	3852	3853	3854	3855	3857	3858	3859	3860	3861	3862	3863	3864	3939	3986	3989	3991	4007	4009	4010	4018	4025	4037	4038	4039	4040	4041	4043	4077	4078	4088	4152	4217	4218	4253	4265	4271	4350	4351	4352	4417	4418	4439	4458	4540	4541	4542	4627	4639	4640	4641	4642	4673	4677	4680	4681	4704	4705	4706	4707	4725	4792	4855	4866	4913	4949	4950	4951	4970	4971	4972	4979	5125	5126	5212	5228	5236	5307	5310	5376	5400	5409	5449	5450	5475	5514	5533	5562	5599	5646	5663	5664	5669	5691	5714	5715	5726	5809	5816	5845	5846	5848	5861	5877	5901	5902	5931	5979	5984	5985	6041	6068	6070	6151	6152	6153	6234	6242	6255	6313	6332	6333	6334	6340	6353	6394	6405	6464	6507	6510	6558	6560	6588	6623	6624	6625	6670	6710	6711	6716	6750	6755	6760	6779	6815	6818	6826	6827	6828	6853	6854	6876	6886	6894	6954	6973	7007	7016	7028	7059	7079	7122	7175	7197	7203	7206	7327	7339	7340	7346	7362	7381	7384	7409	7413	7424	7476	7504	7516	7519	7521	7537	7538	7565	7576	7593	7605	7621
344	600	839	858	1011	1042	1043	1044	1086	1087	1472	1493	1494	1534	1542	1554	1556	1616	1706	1729	1745	1748	1758	1760	1764	1768	1816	1817	1818	1867	2054	2174	2191	2192	2193	2194	2214	2257	2258	2296	2298	2304	2311	2393	2456	2458	2464	2528	2529	2532	2533	2534	2538	2541	2542	2543	2544	2550	2551	2564	2565	2566	2567	2568	2569	2570	2587	2588	2738	2739	2813	2815	2816	2854	2855	2856	3109	3110	3111	3149	3150	3164	3167	3308	3309	3310	3311	3342	3343	3344	3364	3394	3395	3492	3514	3515	3516	3534	3535	4024	4027	4079	4151	4203	4204	4230	4231	4234	4235	4251	4252	4272	4273	4274	4275	4408	4440	4503	4504	4597	4598	4674	4753	4928	4935	4936	4984	4985	4986	5075	5076	5096	5102	5103	5163	5164	5165	5227	5383	5384	5419	5448	5472	5485	5486	5592	5593	5594	5645	5696	5753	5754	5755	5770	5778	5833	5836	5849	5890	5891	6048	6049	6067	6145	6146	6254	6335	6403	6404	6453	6454	6491	6515	6633	6635	6638	6667	6687	6730	6765	6774	6810	6851	6892	6893	6916	6932	6988	6993	6994	7000	7026	7029	7058	7074	7120	7181	7308	7351	7448	7524	7527	7528	7543	7569	7594	7595	7611
1918	3083	3084	3654	3655	3656	3658	3659	4409	4410	4411	4412	5042	5043	5044	5045	5401	5508	5509	5734	6281	6857	7335
283	1800	1801	1928	1929	2161	2162	2265	2555	2558	2559	2560	3085	3087	3088	3263	3598	3599	3600	3729	4003	4070	4071	4205	4206	4207	4208	4209	4210	4211	4213	4214	4215	4216	4666	4816	5011	5018	5539	6015	6183	6184	7050	7126
949	3880	4649	6011	6095	6096	6097	6098	6099	6100	6659	6905	7584
475	476	958	961	962	968	970	2063	2068	2243	2894	3732	4298	4667	4668	5068	5257	5259	5260	5261	5507	5525	6361	7466
2484	2485	2486	2487	3923	4652	4998	5000	5299	5300	6220	6698	6699	6989
186	188	190	192	194	526	556	736	1026	1118	1283	1285	1286	1287	1288	1440	1450	1509	1511	1513	1544	1717	1718	1802	2021	2097	2409	2875	2876	3024	3505	3578	3580	3582	3583	3586	3587	3588	3915	3916	4295	4296	4327	4636	4675	4689	4696	4990	4991	5147	5198	5199	5417	5425	5501	5502	5583	5609	5772	5852	5894	6219	6230	6270	6271	6463	6502	6521	6564	6610	6708	6735	6797	6918	6965	7390	7529
2467	2794	3193	3194	3985	3987	3988	7165
1434	1969	1970	1971	2113	3369	3370	4130	4131
62	1183	1187	2325	2975	2976	2977	3366	3367	3596	3644	3645	3646	5203	5204	5205	6819	7445	7446	7447
1125	3355	3356	3358	3676	3677	3678	3679	3680	3681	4176	4177	4178	4187	4212	5892	5893	6137	6138	6139	6452	7156	7157	7211	7228
261	262	264	265	267	268	269	270	272	273	274	361	362	363	451	452	453	454	455	607	609	611	612	614	616	617	618	1168	1171	1499	1590	1591	1592	1595	1596	1671	1672	1673	1674	1675	1676	2001	2299	2300	2302	2303	2305	2306	2308	2309	2321	2322	2636	2637	2638	2640	2641	2642	2643	2644	2645	2646	2902	2903	2904	2905	2906	2910	2911	2912	2913	2914	2947	2954	2956	3112	3113	3174	3361	3444	3664	3810	3933	4011	4013	4014	4015	4016	4017	4044	4050	4051	4054	4189	4190	4242	4343	4487	4494	4772	4787	4811	4851	4992	5047	5059	5060	5192	5237	5302	5303	5416	5582	5631	5827	6014	6017	6018	6019	6020	6021	6022	6034	6156	6248	6392	6393	6417	6418	6573	6583	6616	6723	6856	6874	6910	6960	7051	7127	7128	7176	7194	7237	7238	7383	7443	7499
83	84	85	87	2724	2725	2919	2920	2990	2991	4613	4615	4758	5561
2011	2012	2013	3391	3960	3961	4610	4611	4844	4969	5551	5699	5818	5864	6395	6396	6397	6398	6399	6400	6401	6508	6900	6977	7609
1823	3843	3844	4090	4091
1562	1563	4911	5672	5673	5713	6102	6103	7241	7283	7284	7285	7286
142	430	533	534	581	885	1573	1574	1575	1577	1578	1617	1618	1625	1880	1896	1897	2917	3276	3828	3829	3908	4102	4306	4307	4596	4835	4862	4863	4864	4865	4877	4878	4879	4880	4881	4882	4883	4884	4885	4886	4994	4995	4996	4997	5084	5091	5184	5396	5397	5399	5737	5810	5862	5863	5922	6192	6231	6266	6344	6533	6553	6809	6920	7452
40	41	303	304	306	307	308	309	310	311	312	313	386	387	388	389	587	588	674	676	677	678	679	680	681	682	683	684	685	686	687	688	689	690	691	692	694	695	696	697	1340	1341	1462	1898	2495	2496	2497	3192	3871	3872	3873	3874	4185	4186	4464	4465	4560	4916	4925	4937	5289	5290	5291	5467	5468	5615	5616	5677	5731	5812	6072	6206	6250	6310	6339	6368	6459	6479	6548	6577	6778	6805	6807	7067	7134	7220	7242	7426	7456	7512	7536	7583	7608
216	220	577	1009	1010	1012	1013	1014	1015	1017	1018	1019	1149	1150	1151	1152	1153	1154	1155	1310	1456	1752	1863	1864	2204	2205	2206	3065	3066	3293	3294	3295	3297	3298	3299	3301	3521	4104	4105	4106	4107	4795	4796	4932	5207	5208	5407	5408	5537	5694	5695	5771	5996	6136	6288	6433	6634	6661	6734	7083	7146	7375	7544	7560	7599
466	721	724	1157	1159	1160	1304	1306	1307	1308	2076	2078	2079	2080	2082	2084	2085	2086	2087	2370	2563	2604	2605	3333	4026	4551	5242	5367	5451	6209	6210	6338	6345	6736	7008	7108	7109	7110	7180
2026	5388	5389	5390	6132
2940	5015	5016	5017	5847	7014	7317	7318
20	604	1144	1199	1202	1203	1204	1410	1411	2326	2327	2368	2889	2890	2891	4780	5312	5336	6408	6409	6694	6695
485	489	1081	1622	2729	4572	5151	5618	5619	6006	6007	6816	6933	7288
2016	2017	2829	2830	5064
221	461	2093	2720	2721	2722	2870	2872	2873	3905	3906	4336	4337	4338	4499	4679	4751	5462	6074	6164	6165	6596	6627	6636	6944	7264	7367
488	1148	1172	1173	1175	1177	1178	1179	1180	1181	1452	1453	1454	1455	3138	3139	3140	3141	3142	3948	3949	5729	5730	6821
177	178	181	182	189	193	196	408	410	411	520	521	523	525	527	529	531	532	553	555	557	763	1078	1107	1111	1113	1114	1174	1449	1483	1484	1485	1486	1487	1664	1666	1914	1915	1973	1974	2075	2233	2270	2272	2488	2490	2629	2630	2631	2632	2633	2634	2635	2765	2766	2767	2966	2978	2981	2982	3001	3003	3100	3101	3102	3107	3108	3204	3205	3206	3207	3208	3306	3307	3498	3524	3708	3709	3746	3787	3807	3809	3811	3812	3813	3814	3815	3816	3832	3883	4065	4100	4198	4199	4200	4320	4340	4341	4342	4422	4423	4448	4449	4537	4538	4650	4711	4712	4713	4714	4715	4716	5008	5080	5266	5430	5498	5544	5739	5813	5885	5923	5954	6073	6175	6179	6218	6336	6342	6387	6468	6469	6489	6597	6598	6604	6642	6644	6771	6788	6792	6839	6852	6873	6999	7042	7144	7399	7430	7472	7578	7602
2599	2600	4133	6016	6653	7235	7236	7382	7465
61	63	65	68	69	305	1158	2092	2871	3080	3081	3217	3222	3223	3225	3227	3252	3561	4063	4064	4081	4082	4083	4084	4474	4630	4631	4763	4764	4769	4873	4930	5249	5380	5756	5766	5767	5916	5972	6000	6363	6365	6366	6367	6370	6371	6372	6375	6376	6379	6384	6868	7123	7371	7518	7604	7617
1769	1771	1772	1774	1775	1777	1779	1781	2069	6343	7418
1281	1282	2539	2540	2606	3158	3348	3351	3551	4462	4955	5760	5957	5958	6023	6267	6268	6287	6700	7279	7280
5620	5621	5622	5623	6769	6770	7012	7506	7614
2921	2922	7189	7252	7417
1505	1506	1507	1508	2701	3357	3388	3525	5469	5519	5879	5880	6189	6190	6451	6940	6964	6978
3617	3618	5143	5144
2503	2504	2505	4437	4900	5166	5167	7333	7555	7577
1669	1670	1708	1709	1711	1713	1714	1715	2140	3037	3039	3095	3098	3302	3303	3304	3305	3363	3399	4008	5033	5214	5262	5344	5345	5346	5347	5348	5991	7539	7613
472	473	474	1176	1597	1598	1599	2647	2993	3527	3630	3631	3632	3633	3684	4012	4595	4956	5584	5733	6091	7556	7557	7616
44	48	585	586	1697	1785	1786	1787	1788	1857	1858	1859	2282	2283	2995	2996	3649	3650	3944	4060	4061	4062	6251	6252	6543	6544	6641	6992	7073	7182	7572
945	1643	2427	3199	3200	3426	3427	3471	3472	3952	4069	5077	6880	7085	7187	7402	7535
1656	1657	4146	4147	4946	5804	5805	7546
64	1976	3744	3849	3877	4790	5026	5027	5028	5030	5834	6321	6865	6866	7261	7349
132	135	136	138	141	144	149	150	155	157	158	160	161	162	166	235	276	278	280	282	285	286	287	288	290	291	293	295	296	415	424	425	429	449	469	470	471	491	492	508	509	510	511	512	513	514	515	516	517	601	602	946	947	951	954	955	1052	1058	1115	1126	1130	1147	1222	1223	1228	1229	1230	1271	1272	1275	1362	1363	1366	1367	1369	1370	1371	1372	1373	1397	1576	1601	1682	2005	2006	2007	2008	2061	2062	2334	2335	2336	2799	2831	2832	2833	2834	2925	2927	2928	2972	2973	2974	3000	3002	3052	3053	3056	3061	3062	3063	3064	3106	3187	3188	3189	3190	3191	3272	3275	3277	3412	3416	3425	3560	3769	3770	3771	3794	3795	3943	3992	3993	3994	3995	3997	3998	3999	4000	4002	4004	4005	4033	4034	4035	4046	4047	4188	4250	4305	4308	4310	4311	4312	4314	4315	4357	4392	4468	4566	4569	4801	4853	4906	4977	4978	5159	5160	5161	5211	5229	5230	5253	5297	5311	5381	5434	5446	5463	5597	5628	5774	5775	5800	5806	5807	5853	5855	5915	5927	6158	6269	6302	6303	6304	6358	6362	6444	6445	6554	6717	6718	6719	6822	6823	6872	6975	7011	7076	7080	7183	7257	7289	7321	7322	7368	7380	7419	7451	7550
404	405	1558	3571	3946	3947	4428	5171	5172	6386	7100	7394
219	279	2223	2562	3058	4317	4318	4319	4329	4330	4331	4802	5276	5436	6352	7606
1294	1295	1296	1297	1827	2374	2375	2376	2377	2378	2379	2380	2381	2382	2383	3452	3453	3454	4019	4020	4021	4339	4842	4927	5535	5924	5983	6089	6246	6665	7135	7136	7354
1273	1274	2811	2812	3563	4888	4960	5215	5216	5552	5553	5554	5757	6787	6814	7393
398	980	1045	1046	1208	1500	1501	2024	2028	2029	2030	2031	2033	2034	2035	2036	2037	2201	2202	2337	2609	2610	2787	2998	3016	3282	3458	3575	3615	3866	4507	4717	5516	5517	5928	6114	6116	6117	6118	6120	6122	6125	6128	6129	6131	6447	6470	6497	6500	6637	6756	6895	6987	7150	7473	7509	7510
417	3555	3705	3706	3979	5329	6201	6202	6203
3673	3674	3675	7015
477	478	480	481	482	483	568	570	571	856	1647	2159	2160	2203	2818	2819	2820	3641	3642	3643	4028	4029	4030	4031	4032	5153	5155	5156	7030	7160
2	5	11	197	1404	1405	1406	1407	3984	4741	4743	4744	4745	5830	6161	6162	7091
3403	3404	3405	3406	7329
640	641	1016	1991	2077	2390	2734	2735	2847	2877	2878	3045	3184	3508	3509	3510	3634	3651	3652	3747	3821	3822	3958	3959	4072	4073	4155	4156	4269	4381	4382	4383	4486	4492	4493	4500	4515	4516	4517	4518	4621	4622	4623	4624	4663	4664	4678	4748	4749	4750	4754	4755	4756	4757	5055	5056	5057	5072	5157	5193	5194	5195	5196	5245	5254	5333	5410	5411	5412	5413	5444	5452	5453	5479	5494	5586	5587	5588	5589	5600	5601	5610	5611	5626	5627	5629	5630	5639	5640	5687	5688	5751	5811	5819	5870	5874	5875	5876	5913	5914	5970	6001	6050	6051	6147	6204	6205	6227	6228	6240	6256	6316	6317	6324	6325	6349	6350	6351	6410	6411	6456	6457	6514	6523	6550	6551	6591	6592	6602	6603	6646	6649	6761	6762	6763	7039	7040	7102	7124	7125	7130	7132	7163	7178	7202	7208	7209	7310	7331	7332	7449	7497	7522	7523	7603
1185	2064	2065	2841	2842	3120	3761	3762	4845	4846	5865	5871	5986	6101	6238	6298	6299	6437	7009	7344	7574
5907	5908	7188
1425	1433	1438	2556	3260	3270	3725	3727	3728	5975	6545	6546	6824	6825	7170	7517
4912	5637	5638
369	1844	2046	2047	2301	2399	2401	2402	2755	2860	2886	3274	3334	3335	4281	4616	4847	4940	5201	5487	5595	5596	5898	5930	6207	6348	6364	7092	7477	7607
275	289	948	1679	1680	1683	1684	3897	3898	4355	4356	5366	6040	6829	6830	7075	7098	7099
5393	5394	5395	5441	5442	5505	5919
222	223	487	490	2942	2943	2944	2945	2946	4426	4427	4699	4700	4701	4702	4703
5590	5591
59	1137	1142	1658	1659	1660	1661	2892	2898	2899	2900	2901	3170	3171	3172	3173	3441	3442	3443	3865	4172	4173	4174	4175	4362	4508	4509	4510	4511	4512	4513	5051	5052	5176	5177	5219	5220	5221	5746	5773	5820	5821	5822	6071	6337	6781	6864	6931	7139	7412	7551	7553
3	6	8	176	179	191	195	198	316	317	409	554	631	636	913	926	929	930	931	932	936	940	1106	1206	1284	1423	1789	1790	1798	1936	1937	1977	2073	2074	2228	2229	2230	2231	2232	2234	2235	2369	2388	2598	2742	2744	2826	2827	2828	2948	2979	2980	3009	3010	3013	3014	3015	3089	3090	3195	3196	3197	3244	3330	3332	3548	3595	3597	3759	3830	3831	3925	4066	4300	4301	4385	4450	4583	4584	4620	4651	4686	4692	4875	4876	4895	4896	4980	4981	4982	5006	5007	5107	5108	5122	5197	5202	5316	5437	5438	5439	5440	5510	5735	5736	5762	5828	5829	5842	5904	6045	6062	6087	6124	6359	6471	6503	6522	6524	6562	6584	6589	6590	6613	6628	6645	6733	6776	6867	6881	6888	6919	6921	6922	6948	6949	7056	7095	7096	7097	7196	7230	7254	7260	7300	7334	7350	7386	7421	7453	7468	7469	7563	7590	7596	7600
72	73	74	76	80	639	959	960	963	964	965	966	969	1215	1489	2888	3117	3437	3438	3439	3440	3619	3953	3954	4233	4360	4570	4571	4852	5293	5294	5332	5338	5341	5342	5343	5515	5659	6441	6622	6802	6833	7046	7049	7153	7251	7373	7374	7508
898	905	1021	2386	3804	4390	5169	5511	5512	5905	5938	5950	6328	6377	6593	6936	7353	7355	7356
4006	4322	4323	4324	4625	5744	6166	6167	6289	6290	6291	6292	6858	7081	7312
359	3179	3180	3181	3182	3183	3635	3636	3637	3819	3878	3919	3921	4254	4255	4394	4395	4973	5168	5935	6885	7575
1145	4514	5019	5690	5844	6154	6155	7020	7021	7140	7141	7142	7143	7145
548	1619	1620	1930	1931	3156	5945	7072
1055	1060	1127	1626	2482	2561	2759	2791	2792	2793	2949	2950	2971	3086	3266	3279	3375	3387	3389	3414	3609	3611	3793	3796	4643	4730	4731	4732	4733	5012	5013	5014	5465	5520	5576	5777	5866	5980	6438	6582	7343
299	3265	3742	3743	4179	4180	4181	4182	4183	7161
5747	5748	6924
928	1442	1444	2284	2403	2405	2408	2489	2626	2968	3178	3258	3259	3339	3340	3848	3850	4068	4076	4134	4135	4136	4384	4752	4983	5029	5634	5992	6140	6142	6148	6859	6953	7320	7359
1116	1117	2091	2256	4220	4221	4967	5522	5523	5524	5658	5763	5768	5838	5940	5941	5942	6380	6737	6820	6837	7485
4602	5988	5989	6486	7491
77	79	1201	1559	1699	1703	1891	1892	1893	1894	1895	2499	2502	2934	2935	2936	2937	2938	2939	2941	3018	3019	3726	5362	5363	5364	5379	5689	5802	7191	7464
2394	2395	3455	3920	4396	4397	4398	4399	6374	6863
180	937	1161	1234	1235	1236	1237	1375	1376	1377	1653	1972	1975	2365	2366	2371	2391	2392	2498	3012	3126	3627	3710	3711	3968	3969	4067	4128	4346	4348	4431	4432	4433	4573	4574	5001	5115	5116	5681	5761	6226	6257	6482	6511	6525	6528	6565	6621	6766	6767	6904	7101	7103	7250	7293	7352	7400	7401	7507	7589	7597
1978	3696	3697	3698	3699	4297	4690	5603	5604	5605	5882	6003	6467	6654	6655	7138
3157	3428	3429	3430	3431	6259	6534	6535	6536	6537
6406	6407
939	3201	3202	4746	6945
4288	4289	6123
3941	4728	4776	4777	4778	5497	5568	5569	5570	5899	5900	6284	6632
350	351	352	354	355	356	357	358	431	432	433	434	493	494	497	498	499	500	501	502	538	539	540	543	544	545	573	599	1037	1184	1188	1331	1334	1899	1900	1938	2009	2010	2048	2049	2163	2323	2324	2491	2492	2493	2552	2553	2616	2617	2858	2859	3603	3616	3739	3789	3790	3956	3957	3990	4140	4142	4167	4168	4171	4192	4193	4283	4420	4501	4522	4606	4617	4618	4619	4655	4807	4808	4809	4810	4820	4821	4822	5034	5035	5099	5112	5114	5170	5234	5235	5278	5288	5361	5372	5373	5403	5404	5405	5406	5536	5540	5541	5542	5697	5740	5850	5860	6010	6013	6036	6044	6247	6390	6391	6416	6505	6506	6556	6568	6599	6648	6783	6784	6785	6786	6870	6887	6890	6979	7060	7195	7215	7221	7222	7223	7246	7249	7274	7277	7278	7357	7439	7441	7581	7585	7612
486	675	693	710	714	719	1032	1336	1342	1343	1344	1345	1346	1351	1356	1457	1458	1459	1460	1461	1464	1466	1467	1468	1469	2100	2821	2822	3424	4628	5090	5445	5454	5793	5859	5910	6448	6449	6450	7111	7133	7428
199	200	201	202	203	2597	2797	2800	2803	2808	4839	5158	5269	5270	6300
30	1289	1327	1422	1651	1901	1902	1903	3350	3581	3758	4386	4737	4738	4739	5148	5685	5686	6084	6426	7615
1488	1490	1696	1701	1702	1806	2154	2156	2158	2312	2313	2315	2316	2317	2319	2320	2985	3433	3477	3478	3845	3846	4626	4729	5247	5258	5280	5281	5282	5283	5331	5339	5377	5492	5495	5496	5566	5798	5841	6052	6053	6054	6055	6243	6663	6961	7090	7435
13	15	16	17	18	52	53	54	55	57	58	1516	1979	2015	2172	2517	2518	2519	2521	2527	3620	4157	4158	4363	4547	4826	4962	5301	5334	5337	6834	7433
698	3423	4561	4691	4695	4697	5443	5456	5457	6037	6038	6318	6319	6320	6442	6986	7618	7622
402	403	733	4466	4467	5298	6088	6382	6484	6520	7167	7562	7619
2248	2249	2252	3152	3153	4372	4373	4374	4375	4445	4447	5210	5856	6875	7023
706	850	987	1279	1280	2423	3749	3971	5073	5241	5878	6378	6381	6555	7017	7034	7035
206	208	237	395	550	579	725	726	727	728	729	730	731	888	1196	1330	1415	1416	1917	1949	1956	1958	1962	1963	1989	2025	2027	2367	2440	2545	2547	2548	2994	3022	3067	3069	3071	3072	3074	3241	3386	3456	3467	3538	3539	3562	3607	3723	3738	4057	4058	4059	4241	4299	4463	4521	4526	4579	4600	4604	4709	5098	5127	5128	5129	5132	5134	5136	5137	5138	5179	5180	5181	5185	5186	5223	5482	5835	5869	6306	6466	6673	6773	6878	6957	7019	7033	7061	7118	7514
91	130	131	260	263	591	592	635	924	938	1049	1050	1417	1710	2151	2169	2170	2292	2418	2611	2612	2613	2614	2615	2730	2743	2762	2763	2764	2964	3011	3247	3248	3331	3532	3628	3695	3966	3967	3970	4129	4201	4202	4376	4585	4588	4590	4591	4593	4594	4783	4858	4859	4929	4964	5053	5054	5271	5378	5678	5711	5831	5832	5851	5976	6094	6170	6684	6720	6899	6906	6907	6915	6939	6970	7087	7105	7129	7152	7396	7423	7429
51	1264	1265	1980	2874	3647	3648	4497	5232	5244	7378	7379	7502	7545	7564	7587
70	71	673	2747	2748	2749	2750	3283	3284	3285	3286	4544	4545	5097	5174	5932	6725	7407
1162	1163	4332	5354	5398	6619	6620	7226	7227	7311
4658	5702	5703	6991	7207
428	883	1131	1212	1213	1243	1885	1886	1887	1889	1890	1987	1990	2041	2043	2044	2045	2239	2240	2760	2915	2918	3166	3168	3169	3231	3232	3233	3234	3264	3475	3476	3660	3661	3662	3701	4092	4093	4094	4520	4564	4831	4834	4836	4840	4841	4843	5104	5359	5391	5392	5470	5708	5709	6432	6671	6682	6883	6952	6981	6982	7166	7214	7364	7457	7489	7548	7601
4829	4830	4832	4837	5952	6058
