0	0
1	2
2	13
3	21
4	40
5	42
6	16
7	61
8	70
9	72
10	81
11	83
12	89
13	92
14	122
15	127
16	132
17	167
18	175
19	199
20	204
21	211
22	214
23	216
24	222
25	224
26	226
27	228
28	236
29	240
30	249
31	258
32	261
33	275
34	297
35	303
36	314
37	316
38	153
39	323
40	324
41	328
42	335
43	339
44	342
45	350
46	361
47	364
48	386
49	390
50	402
51	404
52	406
53	408
54	412
55	431
56	435
57	441
58	443
59	451
60	456
61	459
62	462
63	464
64	469
65	472
66	475
67	477
68	484
69	492
70	493
71	503
72	506
73	508
74	518
75	520
76	533
77	535
78	538
79	551
80	553
81	558
82	568
83	572
84	573
85	574
86	583
87	585
88	587
89	589
90	591
91	593
92	597
93	601
94	603
95	606
96	622
97	624
98	630
99	639
100	640
101	642
102	652
103	661
104	674
105	699
106	702
107	720
108	725
109	732
110	115
111	799
112	802
113	655
114	866
115	871
116	873
117	879
118	883
119	884
120	889
121	897
122	906
123	924
124	929
125	933
126	11
127	941
128	942
129	943
130	565
131	135
132	957
133	958
134	971
135	972
136	981
137	1004
138	1005
139	1009
140	1020
141	1030
142	1033
143	1037
144	1038
145	1042
146	1045
147	1049
148	1053
149	584
150	1070
151	771
152	774
153	1074
154	1078
155	1079
156	1084
157	1086
158	1088
159	1092
160	1099
161	1102
162	1115
163	1116
164	1118
165	1123
166	951
167	60
168	488
169	1149
170	1156
171	1157
172	1162
173	1164
174	1166
175	1172
176	1182
177	62
178	1189
179	1199
180	1206
181	1207
182	1212
183	1214
184	1222
185	1231
186	1234
187	422
188	1259
189	1262
190	1263
191	1268
192	1271
193	1276
194	1277
195	1279
196	1281
197	1283
198	1289
199	1290
200	1292
201	1294
202	1298
203	1301
204	1304
205	1310
206	1311
207	1314
208	1316
209	1320
210	1328
211	664
212	714
213	296
214	1375
215	1378
216	1380
217	1404
218	1410
219	1415
220	1417
221	1418
222	1439
223	1443
224	1451
225	1452
226	1457
227	1470
228	1354
229	1303
230	1483
231	1488
232	831
233	1493
234	1496
235	1498
236	1500
237	1491
238	1502
239	1505
240	1509
241	1514
242	1518
243	1520
244	1530
245	1558
246	77
247	1560
248	1562
249	1564
250	1566
251	1569
252	797
253	1573
254	1579
255	1582
256	1587
257	1589
258	1597
259	1361
260	1604
261	1616
262	1617
263	1619
264	1621
265	1623
266	1624
267	1631
268	1633
269	1637
270	1639
271	988
272	30
273	1652
274	1656
275	1658
276	1662
277	1487
278	1667
279	1669
280	1671
281	1678
282	1679
283	1685
284	1693
285	1205
286	1648
287	1708
288	1716
289	1103
290	654
291	1769
292	1782
293	1783
294	1785
295	1789
296	707
297	1797
298	1800
299	634
300	1815
301	1816
302	1819
303	1826
304	1829
305	1831
306	1834
307	1852
308	1857
309	1860
310	1863
311	1865
312	1868
313	596
314	1885
315	1891
316	1896
317	1898
318	1899
319	1327
320	1905
321	1907
322	1910
323	1914
324	1916
325	1921
326	705
327	1928
328	1930
329	1932
330	1936
331	1938
332	1940
333	1942
334	1945
335	1946
336	1962
337	1965
338	1969
339	1972
340	1973
341	1026
342	54
343	1981
344	1987
345	1539
346	1090
347	1676
348	2002
349	2005
350	2009
351	2011
352	2014
353	2015
354	2016
355	2018
356	2021
357	2022
358	2024
359	2038
360	2039
361	2041
362	2046
363	2048
364	2051
365	1825
366	80
367	1736
368	1229
369	2063
370	1772
371	2070
372	2072
373	2073
374	1159
375	2088
376	1440
377	2100
378	564
379	1434
380	859
381	2125
382	2148
383	2149
384	2152
385	2153
386	2159
387	2161
388	2163
389	2164
390	2166
391	2167
392	2169
393	2172
394	2175
395	2178
396	2180
397	376
398	840
399	1098
400	2191
401	2195
402	2197
403	2201
404	2203
405	2204
406	2040
407	284
408	2226
409	2228
410	1326
411	2239
412	2242
413	2245
414	2248
415	2254
416	2257
417	2260
418	2261
419	2265
420	2266
421	187
422	1395
423	2282
424	2251
425	2285
426	2287
427	848
428	68
429	2299
430	2310
431	2045
432	2311
433	1702
434	2321
435	1023
436	1184
437	2326
438	1638
439	2334
440	2198
441	2351
442	896
443	2357
444	2361
445	2365
446	887
447	2368
448	1349
449	2370
450	2371
451	1533
452	2374
453	2384
454	2386
455	2390
456	2391
457	2393
458	1714
459	2394
460	2396
461	2399
462	2403
463	1422
464	2411
465	2420
466	2423
467	2424
468	992
469	2428
470	2440
471	2441
472	2453
473	1006
474	2468
475	2481
476	2483
477	2484
478	193
479	2491
480	2495
481	2498
482	2499
483	2503
484	646
485	790
486	2511
487	2516
488	2528
489	2539
490	2541
491	1178
492	2545
493	2550
494	434
495	2554
496	2555
497	2563
498	2564
499	986
500	2570
501	2573
502	2576
503	2538
504	810
505	2218
506	1630
507	2591
508	1435
509	2597
510	2598
511	2599
512	2601
513	2604
514	2607
515	2611
516	2616
517	2618
518	902
519	2344
520	525
521	2636
522	678
523	1713
524	99
525	2720
526	2724
527	2726
528	2729
529	2730
530	2731
531	2734
532	2736
533	2738
534	2740
535	2742
536	2745
537	2747
538	373
539	2059
540	2743
541	532
542	2768
543	245
544	2787
545	2788
546	2790
547	2791
548	2794
549	2795
550	154
551	2811
552	1548
553	2296
554	2817
555	2818
556	2821
557	2823
558	2826
559	2829
560	2831
561	2835
562	14
563	2837
564	2841
565	2843
566	2501
567	2854
568	2857
569	2858
570	2860
571	2862
572	2869
573	2093
574	827
575	1980
576	2875
577	2877
578	2879
579	2881
580	5
581	2192
582	2861
583	2887
584	2889
585	962
586	1877
587	2895
588	2896
589	2897
590	2898
591	2902
592	2907
593	2776
594	2641
595	2915
596	2919
597	2921
598	47
599	1682
600	2135
601	1570
602	1892
603	2942
604	2947
605	2948
606	2949
607	274
608	2957
609	2958
610	2961
611	2489
612	1272
613	2975
614	2661
615	181
616	2983
617	2984
618	85
619	2992
620	114
621	2994
622	2995
623	2997
624	3000
625	3001
626	3004
627	2832
628	3005
629	1906
630	2388
631	3016
632	1559
633	3020
634	2099
635	3026
636	3031
637	3033
638	3036
639	3037
640	2664
641	1381
642	3047
643	1809
644	3049
645	415
646	220
647	729
648	1628
649	3075
650	1585
651	2871
652	629
653	3083
654	3085
655	3089
656	3091
657	990
658	3093
659	1670
660	1664
661	1854
662	602
663	3107
664	3109
665	3112
666	556
667	45
668	3122
669	3126
670	1091
671	3129
672	1600
673	3138
674	3143
675	3149
676	3151
677	3152
678	3154
679	1571
680	3158
681	3159
682	1837
683	254
684	963
685	2542
686	2240
687	3170
688	3174
689	3176
690	1966
691	3179
692	3185
693	3187
694	3188
695	3192
696	3193
697	3195
698	3198
699	3199
700	939
701	3203
702	3204
703	3209
704	3211
705	2676
706	819
707	3221
708	3222
709	2918
710	2020
711	1446
712	3249
713	1280
714	3253
715	3255
716	3258
717	3260
718	552
719	315
720	3270
721	3272
722	3278
723	1242
724	966
725	1941
726	3283
727	3287
728	3288
729	3293
730	3302
731	3306
732	3308
733	3312
734	3318
735	3319
736	3321
737	3330
738	1844
739	2217
740	3339
741	3341
742	3342
743	1547
744	3348
745	2485
746	3352
747	1
748	3355
749	3359
750	3360
751	3362
752	3365
753	3366
754	3368
755	3369
756	2036
757	3371
758	2962
759	3387
760	1871
761	3391
762	3392
763	864
764	3403
765	294
766	165
767	3417
768	3418
769	3420
770	3421
771	694
772	3425
773	161
774	3426
775	3428
776	1169
777	3115
778	1348
779	3435
780	3437
781	3441
782	3444
783	3445
784	3447
785	3448
786	3452
787	1424
788	3382
789	3458
790	3459
791	3460
792	3456
793	2840
794	3427
795	3473
796	3475
797	3477
798	3470
799	1543
800	3162
801	3495
802	3496
803	3499
804	1479
805	2462
806	1568
807	3508
808	3511
809	3514
810	2786
811	3519
812	3520
813	747
814	3522
815	3502
816	3388
817	1813
818	3532
819	3533
820	3534
821	1524
822	3538
823	1778
824	3540
825	3541
826	3543
827	1448
828	2451
829	3554
830	2689
831	3560
832	2506
833	2087
834	1362
835	3139
836	3562
837	3563
838	3564
839	2704
840	1385
841	3569
842	3570
843	3578
844	3589
845	3066
846	1984
847	1904
848	3090
849	3598
850	3601
851	2298
852	2533
853	3603
854	1195
855	3609
856	3612
857	3613
858	3606
859	3617
860	1266
861	2043
862	3627
863	3630
864	3632
865	359
866	108
867	3641
868	3644
869	3647
870	48
871	3651
872	3653
873	3654
874	3660
875	3663
876	1592
877	3668
878	3670
879	1355
880	3673
881	3676
882	1278
883	3684
884	3685
885	3686
886	3687
887	978
888	3220
889	3696
890	3701
891	2478
892	3708
893	3710
894	974
895	3490
896	3724
897	3725
898	3730
899	675
900	496
901	3740
902	3742
903	2631
904	1336
905	3672
906	3749
907	242
908	3753
909	3754
910	3755
911	3756
912	2211
913	3758
914	1224
915	3759
916	2278
917	3761
918	1388
919	3763
920	3769
921	3772
922	3774
923	3776
924	253
925	3779
926	2515
927	1346
928	3785
929	2577
930	3409
931	3798
932	2959
933	523
934	3817
935	3818
936	1344
937	3821
938	3823
939	3827
940	3828
941	3830
942	1790
943	3833
944	3834
945	3838
946	3843
947	2815
948	3845
949	3847
950	1442
951	172
952	3865
953	3575
954	3254
955	588
956	1347
957	2927
958	1101
959	3885
960	3888
961	2352
962	3896
963	3897
964	3899
965	3900
966	3903
967	3904
968	3905
969	3908
970	3909
971	3914
972	1121
973	3919
974	599
975	3922
976	1423
977	3926
978	3928
979	3931
980	1674
981	3934
982	824
983	3939
984	3734
985	1370
986	3945
987	3946
988	1455
989	2888
990	3956
991	2991
992	3958
993	3960
994	3962
995	3964
996	3965
997	1237
998	2138
999	1247
1000	1406
1001	2467
1002	3565
1003	3990
1004	3991
1005	157
1006	4007
1007	4009
1008	1672
1009	1763
1010	1297
1011	1626
1012	1764
1013	4026
1014	1350
1015	4028
1016	162
1017	1545
1018	4039
1019	4041
1020	273
1021	4045
1022	3933
1023	4046
1024	4049
1025	3113
1026	2207
1027	4057
1028	4060
1029	3521
1030	4063
1031	4065
1032	2408
1033	4069
1034	4030
1035	4070
1036	4072
1037	4074
1038	4075
1039	2814
1040	4080
1041	4081
1042	4085
1043	1065
1044	4088
1045	3015
1046	676
1047	3395
1048	4089
1049	4090
1050	4092
1051	4095
1052	4100
1053	4101
1054	1064
1055	1456
1056	3975
1057	1503
1058	4124
1059	3773
1060	4126
1061	4128
1062	4129
1063	4130
1064	3883
1065	3815
1066	4134
1067	3856
1068	4138
1069	4143
1070	4145
1071	4146
1072	4148
1073	4151
1074	4025
1075	4153
1076	4155
1077	2848
1078	4159
1079	4161
1080	4103
1081	4162
1082	4163
1083	4144
1084	4167
1085	4169
1086	4171
1087	4172
1088	4176
1089	4179
1090	4184
1091	4185
1092	4187
1093	4189
1094	4192
1095	4194
1096	4195
1097	4197
1098	4198
1099	4201
1100	4202
1101	4203
1102	4205
1103	4217
1104	4220
1105	4222
1106	4224
1107	1357
1108	4230
1109	4232
1110	4233
1111	4234
1112	4236
1113	4215
1114	4237
1115	4240
1116	4242
1117	4243
1118	4245
1119	2728
1120	4251
1121	3819
1122	4256
1123	4257
1124	4259
1125	4260
1126	944
1127	2544
1128	4266
1129	1738
1130	4272
1131	3528
1132	1431
1133	3839
1134	4282
1135	499
1136	4284
1137	713
1138	4287
1139	4288
1140	2770
1141	3422
1142	4293
1143	1130
1144	4294
1145	1187
1146	3587
1147	2548
1148	4300
1149	767
1150	295
1151	4316
1152	4317
1153	4320
1154	4321
1155	4322
1156	4325
1157	4326
1158	4319
1159	3434
1160	4334
1161	4000
1162	4335
1163	4336
1164	2378
1165	4340
1166	267
1167	4344
1168	4346
1169	4349
1170	2437
1171	3148
1172	4351
1173	4353
1174	1741
1175	4354
1176	4355
1177	4358
1178	4359
1179	1478
1180	1220
1181	4366
1182	3784
1183	4367
1184	4368
1185	4370
1186	2669
1187	4372
1188	4376
1189	4313
1190	2884
1191	4380
1192	4381
1193	4068
1194	4387
1195	4388
1196	4390
1197	4391
1198	4392
1199	4393
1200	3820
1201	4394
1202	4396
1203	2633
1204	4193
1205	4400
1206	4401
1207	1960
1208	4408
1209	1849
1210	4409
1211	1668
1212	4414
1213	2852
1214	4417
1215	4419
1216	540
1217	4422
1218	4424
1219	487
1220	4428
1221	1236
1222	7
1223	95
1224	3544
1225	4247
1226	1818
1227	4442
1228	2129
1229	3153
1230	410
1231	4451
1232	3552
1233	734
1234	1753
1235	4463
1236	3326
1237	4464
1238	4466
1239	3190
1240	4469
1241	4471
1242	4473
1243	4158
1244	1752
1245	4474
1246	3507
1247	4476
1248	4478
1249	4479
1250	3236
1251	4491
1252	4492
1253	3225
1254	1066
1255	3664
1256	4496
1257	4497
1258	4498
1259	4502
1260	1762
1261	3246
1262	3105
1263	2033
1264	2297
1265	3171
1266	4514
1267	4515
1268	794
1269	4519
1270	3166
1271	3486
1272	4530
1273	4532
1274	4533
1275	1795
1276	3449
1277	4537
1278	1796
1279	4539
1280	1531
1281	2737
1282	2749
1283	4546
1284	57
1285	4548
1286	4549
1287	2080
1288	4482
1289	3992
1290	4552
1291	3104
1292	1627
1293	4010
1294	4559
1295	1233
1296	680
1297	1476
1298	4562
1299	4564
1300	282
1301	4570
1302	4572
1303	2366
1304	979
1305	2309
1306	4579
1307	4580
1308	3406
1309	1204
1310	1615
1311	4583
1312	263
1313	4596
1314	4597
1315	3567
1316	206
1317	3872
1318	3351
1319	4605
1320	2680
1321	3146
1322	4608
1323	4609
1324	4610
1325	87
1326	1677
1327	712
1328	494
1329	3331
1330	4621
1331	4623
1332	4625
1333	4626
1334	171
1335	4628
1336	4629
1337	173
1338	2383
1339	4082
1340	3488
1341	3230
1342	4632
1343	4633
1344	2929
1345	594
1346	1802
1347	4637
1348	852
1349	148
1350	3498
1351	25
1352	4651
1353	4327
1354	4654
1355	2987
1356	4662
1357	3921
1358	4663
1359	3714
1360	2692
1361	4666
1362	4667
1363	4669
1364	4670
1365	4671
1366	4672
1367	3038
1368	4507
1369	4675
1370	4676
1371	2416
1372	2372
1373	2037
1374	4682
1375	4684
1376	1544
1377	4698
1378	3130
1379	4040
1380	4699
1381	326
1382	4168
1383	4425
1384	189
1385	4717
1386	2071
1387	1694
1388	4653
1389	2434
1390	411
1391	2836
1392	3413
1393	562
1394	4730
1395	3748
1396	1523
1397	4737
1398	4740
1399	4062
1400	2622
1401	1407
1402	2825
1403	4748
1404	1937
1405	2502
1406	3907
1407	1482
1408	4076
1409	1419
1410	4754
1411	4758
1412	881
1413	3407
1414	2177
1415	4760
1416	4761
1417	2688
1418	4763
1419	4765
1420	4710
1421	4767
1422	4769
1423	2789
1424	2640
1425	2389
1426	4776
1427	4781
1428	4783
1429	4784
1430	4786
1431	4787
1432	4788
1433	4790
1434	1649
1435	4794
1436	4084
1437	4795
1438	4797
1439	1581
1440	4801
1441	4802
1442	3524
1443	4105
1444	3378
1445	2327
1446	3643
1447	780
1448	2702
1449	4805
1450	4807
1451	4810
1452	4812
1453	4816
1454	4050
1455	4817
1456	2827
1457	259
1458	4820
1459	4488
1460	1485
1461	4823
1462	56
1463	4828
1464	428
1465	4020
1466	3927
1467	4568
1468	1256
1469	429
1470	3762
1471	2757
1472	4851
1473	4852
1474	1366
1475	4854
1476	4855
1477	4856
1478	4858
1479	4494
1480	4860
1481	4862
1482	4866
1483	4867
1484	4868
1485	4871
1486	2247
1487	4875
1488	4877
1489	3262
1490	4887
1491	3649
1492	15
1493	2974
1494	4888
1495	658
1496	4460
1497	825
1498	4799
1499	4895
1500	4456
1501	202
1502	4897
1503	3523
1504	4903
1505	4904
1506	1601
1507	4908
1508	4449
1509	98
1510	4914
1511	4915
1512	3125
1513	4916
1514	4917
1515	4918
1516	4920
1517	4922
1518	4923
1519	4708
1520	2400
1521	2380
1522	4470
1523	4618
1524	1749
1525	4929
1526	4930
1527	1823
1528	4818
1529	1864
1530	4595
1531	2769
1532	4935
1533	697
1534	834
1535	3251
1536	2442
1537	4944
1538	3807
1539	4945
1540	4948
1541	4949
1542	3052
1543	2102
1544	1282
1545	1161
1546	3917
1547	2188
1548	4957
1549	1274
1550	4961
1551	58
1552	4964
1553	4506
1554	4844
1555	561
1556	2034
1557	1210
1558	231
1559	1950
1560	743
1561	4977
1562	4979
1563	3197
1564	454
1565	2856
1566	3719
1567	4231
1568	4987
1569	2300
1570	4295
1571	808
1572	4992
1573	4993
1574	4994
1575	4613
1576	4652
1577	1329
1578	5003
1579	5005
1580	5006
1581	5009
1582	2268
1583	4071
1584	4731
1585	2940
1586	5018
1587	4701
1588	5019
1589	5020
1590	5023
1591	5024
1592	5026
1593	5031
1594	2783
1595	3098
1596	5034
1597	5036
1598	5037
1599	4926
1600	2181
1601	5042
1602	1382
1603	4965
1604	4119
1605	5047
1606	3070
1607	5051
1608	2763
1609	5055
1610	1170
1611	504
1612	5066
1613	4725
1614	2318
1615	4921
1616	4544
1617	3698
1618	1971
1619	5075
1620	5077
1621	801
1622	3461
1623	5078
1624	876
1625	3207
1626	1426
1627	1686
1628	1449
1629	5083
1630	5084
1631	5085
1632	1541
1633	2329
1634	5044
1635	2903
1636	2883
1637	3424
1638	5091
1639	760
1640	5095
1641	3150
1642	542
1643	3650
1644	5100
1645	4024
1646	3264
1647	3536
1648	5107
1649	4997
1650	3325
1651	2582
1652	3485
1653	3836
1654	5114
1655	5115
1656	5117
1657	1402
1658	238
1659	5122
1660	5123
1661	5124
1662	5125
1663	3868
1664	3688
1665	1330
1666	5139
1667	5141
1668	3114
1669	5143
1670	5145
1671	667
1672	2651
1673	5150
1674	2160
1675	4624
1676	5158
1677	141
1678	327
1679	5166
1680	460
1681	3789
1682	3848
1683	3741
1684	3947
1685	2758
1686	71
1687	5175
1688	5176
1689	579
1690	3968
1691	717
1692	5190
1693	455
1694	5193
1695	2235
1696	5198
1697	5200
1698	2977
1699	3041
1700	2086
1701	3379
1702	5207
1703	5209
1704	2249
1705	2061
1706	2140
1707	5215
1708	5217
1709	5218
1710	4510
1711	5222
1712	5225
1713	4680
1714	5229
1715	3172
1716	5231
1717	5232
1718	3912
1719	5234
1720	5236
1721	2001
1722	5241
1723	5242
1724	1994
1725	3385
1726	5249
1727	5068
1728	22
1729	4207
1730	5252
1731	4305
1732	5254
1733	5255
1734	961
1735	4444
1736	5262
1737	2632
1738	4569
1739	5263
1740	5264
1741	928
1742	5269
1743	2531
1744	4589
1745	3982
1746	2912
1747	5272
1748	5275
1749	2219
1750	882
1751	1463
1752	1917
1753	5279
1754	5280
1755	5282
1756	4535
1757	5286
1758	4281
1759	5288
1760	3861
1761	387
1762	4959
1763	5293
1764	5295
1765	5297
1766	3076
1767	2487
1768	4042
1769	4826
1770	5302
1771	4102
1772	5304
1773	1179
1774	3367
1775	5305
1776	2679
1777	5307
1778	2081
1779	2110
1780	5311
1781	5184
1782	5313
1783	2966
1784	1943
1785	3573
1786	718
1787	3279
1788	5316
1789	384
1790	1437
1791	3472
1792	365
1793	662
1794	93
1795	74
1796	5344
1797	3261
1798	3690
1799	137
1800	3777
1801	5361
1802	4950
1803	5362
1804	1060
1805	5367
1806	3466
1807	5368
1808	3317
1809	5372
1810	5374
1811	5375
1812	2369
1813	3953
1814	1324
1815	5376
1816	5377
1817	103
1818	4588
1819	5379
1820	3212
1821	4204
1822	5380
1823	5381
1824	3936
1825	5383
1826	5385
1827	5388
1828	5391
1829	5393
1830	534
1831	2122
1832	5401
1833	953
1834	50
1835	4821
1836	5407
1837	4091
1838	849
1839	5211
1840	5410
1841	5412
1842	3666
1843	4980
1844	1794
1845	5065
1846	3164
1847	5420
1848	1253
1849	1510
1850	119
1851	1318
1852	3235
1853	923
1854	219
1855	3301
1856	4876
1857	4516
1858	5441
1859	1459
1860	5446
1861	2187
1862	3602
1863	5449
1864	5451
1865	5043
1866	1729
1867	5452
1868	3526
1869	5454
1870	4434
1871	5455
1872	1464
1873	5443
1874	5458
1875	281
1876	757
1877	2722
1878	3276
1879	1055
1880	5467
1881	2136
1882	4094
1883	4985
1884	2886
1885	3626
1886	5475
1887	2279
1888	5481
1889	5482
1890	2963
1891	1583
1892	3840
1893	4369
1894	5487
1895	5488
1896	232
1897	1806
1898	3813
1899	4958
1900	5501
1901	3582
1902	1097
1903	3732
1904	5508
1905	159
1906	5359
1907	1704
1908	5510
1909	5511
1910	2145
1911	5514
1912	5515
1913	5516
1914	5518
1915	5519
1916	5521
1917	5522
1918	970
1919	3161
1920	1532
1921	2494
1922	5530
1923	2518
1924	5533
1925	5534
1926	5535
1927	5188
1928	5536
1929	4104
1930	5538
1931	5539
1932	433
1933	2699
1934	1073
1935	1968
1936	3966
1937	101
1938	5246
1939	2064
1940	1779
1941	2583
1942	2812
1943	5326
1944	1858
1945	1332
1946	2990
1947	1988
1948	3376
1949	5564
1950	5323
1951	5566
1952	1861
1953	2413
1954	1168
1955	5568
1956	152
1957	5577
1958	329
1959	1319
1960	2645
1961	2967
1962	5583
1963	1396
1964	1599
1965	5585
1966	2179
1967	3858
1968	5586
1969	5590
1970	5592
1971	4503
1972	5595
1973	291
1974	5480
1975	5556
1976	5599
1977	5600
1978	5602
1979	5603
1980	1961
1981	2708
1982	3489
1983	5609
1984	5610
1985	5612
1986	4304
1987	5613
1988	975
1989	686
1990	5617
1991	5618
1992	5267
1993	2324
1994	5620
1995	3689
1996	4468
1997	5626
1998	1537
1999	4239
2000	5628
2001	2290
2002	5629
2003	5631
2004	1810
2005	5634
2006	1711
2007	4051
2008	3574
2009	5637
2010	5639
2011	2017
2012	5641
2013	37
2014	566
2015	2713
2016	5647
2017	1855
2018	5624
2019	3824
2020	3354
2021	3911
2022	5655
2023	2256
2024	1805
2025	5659
2026	5660
2027	5661
2028	3465
2029	1550
2030	5665
2031	861
2032	5670
2033	4277
2034	5671
2035	5672
2036	1594
2037	795
2038	5675
2039	1401
2040	309
2041	2782
2042	1542
2043	5678
2044	5679
2045	313
2046	5680
2047	5103
2048	5682
2049	4726
2050	5685
2051	1383
2052	5687
2053	5689
2054	5690
2055	2116
2056	1869
2057	5693
2058	3297
2059	5294
2060	544
2061	5698
2062	3620
2063	3469
2064	5699
2065	1803
2066	2182
2067	5666
2068	5702
2069	3140
2070	1300
2071	5704
2072	400
2073	5705
2074	1787
2075	5529
2076	5708
2077	635
2078	3693
2079	5712
2080	4377
2081	5713
2082	5104
2083	1269
2084	5716
2085	2650
2086	570
2087	5717
2088	2488
2089	1726
2090	5719
2091	2067
2092	5720
2093	2509
2094	1472
2095	4389
2096	1874
2097	4543
2098	5724
2099	5725
2100	5726
2101	3980
2102	5093
2103	5727
2104	5729
2105	695
2106	5732
2107	35
2108	2513
2109	4123
2110	5183
2111	4339
2112	4508
2113	3677
2114	5733
2115	5734
2116	5735
2117	1576
2118	4110
2119	5739
2120	2755
2121	5740
2122	2802
2123	4511
2124	5747
2125	5555
2126	1144
2127	3059
2128	5494
2129	2292
2130	2714
2131	5419
2132	1799
2133	1008
2134	5578
2135	5378
2136	5752
2137	5753
2138	5756
2139	5757
2140	3229
2141	4244
2142	69
2143	1718
2144	890
2145	687
2146	2525
2147	5774
2148	5759
2149	5775
2150	1105
2151	858
2152	5780
2153	5781
2154	5433
2155	124
2156	5783
2157	2596
2158	615
2159	4170
2160	2469
2161	5793
2162	1776
2163	5794
2164	2008
2165	5277
2166	5797
2167	5798
2168	4415
2169	5799
2170	286
2171	4999
2172	5802
2173	5803
2174	3271
2175	5804
2176	2735
2177	444
2178	5809
2179	5810
2180	3634
2181	5813
2182	3045
2183	5422
2184	2362
2185	5550
2186	984
2187	5818
2188	3509
2189	5820
2190	5171
2191	3361
2192	2727
2193	2751
2194	4
2195	264
2196	5828
2197	3869
2198	4981
2199	773
2200	5831
2201	3343
2202	5834
2203	3284
2204	10
2205	516
2206	4495
2207	2269
2208	2799
2209	5837
2210	5838
2211	5676
2212	3703
2213	3401
2214	5841
2215	5842
2216	2377
2217	708
2218	5844
2219	5845
2220	5847
2221	5848
2222	5850
2223	5033
2224	4592
2225	2565
2226	5851
2227	5852
2228	4735
2229	1275
2230	5856
2231	5718
2232	1089
2233	3737
2234	1345
2235	5015
2236	1469
2237	4891
2238	1003
2239	1903
2240	5862
2241	2012
2242	4008
2243	5058
2244	4656
2245	5257
2246	5866
2247	4297
2248	5867
2249	5868
2250	3572
2251	5489
2252	5873
2253	5874
2254	4792
2255	5879
2256	5560
2257	3123
2258	5882
2259	1948
2260	1602
2261	5885
2262	854
2263	5349
2264	5886
2265	786
2266	105
2267	787
2268	5889
2269	5890
2270	5892
2271	3583
2272	4808
2273	5895
2274	5896
2275	1607
2276	893
2277	5897
2278	5898
2279	5899
2280	5901
2281	4314
2282	5903
2283	5904
2284	5347
2285	3340
2286	4299
2287	5907
2288	4967
2289	710
2290	999
2291	4157
2292	5911
2293	5912
2294	5913
2295	5162
2296	5916
2297	5917
2298	2524
2299	1850
2300	1069
2301	312
2302	5920
2303	430
2304	1119
2305	2578
2306	2566
2307	5922
2308	737
2309	5491
2310	5923
2311	5924
2312	5925
2313	4522
2314	5926
2315	5807
2316	2237
2317	5928
2318	1334
2319	4053
2320	5931
2321	5174
2322	5933
2323	5935
2324	5936
2325	5937
2326	1725
2327	4225
2328	1389
2329	5940
2330	5943
2331	5944
2332	548
2333	5946
2334	3599
2335	5948
2336	5949
2337	898
2338	5096
2339	5956
2340	2286
2341	2493
2342	5957
2343	5959
2344	3096
2345	2850
2346	5963
2347	613
2348	3822
2349	2579
2350	5635
2351	1880
2352	813
2353	5971
2354	4863
2355	5972
2356	5973
2357	4214
2358	920
2359	3055
2360	5975
2361	994
2362	5976
2363	3949
2364	5977
2365	5978
2366	1188
2367	5979
2368	413
2369	1031
2370	5421
2371	5273
2372	2376
2373	982
2374	5985
2375	5986
2376	4587
2377	1059
2378	5988
2379	5832
2380	4963
2381	4164
2382	5990
2383	5991
2384	4384
2385	2444
2386	919
2387	1143
2388	5995
2389	5996
2390	2855
2391	650
2392	6000
2393	6001
2394	6002
2395	6003
2396	2806
2397	6004
2398	4842
2399	5465
2400	6005
2401	4086
2402	6006
2403	5816
2404	2069
2405	6008
2406	6010
2407	6011
2408	3957
2409	6014
2410	6015
2411	4006
2412	86
2413	2600
2414	363
2415	2320
2416	478
2417	6023
2418	2581
2419	5934
2420	290
2421	3989
2422	426
2423	6033
2424	4577
2425	2766
2426	1427
2427	6036
2428	531
2429	4056
2430	4561
2431	6039
2432	6040
2433	2328
2434	3345
2435	6041
2436	6042
2437	5902
2438	6043
2439	2284
2440	4843
2441	6044
2442	362
2443	6045
2444	4829
2445	1730
2446	6047
2447	528
2448	6048
2449	6050
2450	6052
2451	956
2452	656
2453	5411
2454	6057
2455	4830
2456	1951
2457	6062
2458	716
2459	6063
2460	6066
2461	6067
2462	2595
2463	5605
2464	6069
2465	3702
2466	997
2467	5417
2468	1935
2469	6070
2470	1137
2471	4136
2472	3873
2473	3205
2474	2227
2475	598
2476	2055
2477	2505
2478	6076
2479	6079
2480	2430
2481	6082
2482	3546
2483	6083
2484	6084
2485	2236
2486	6085
2487	2973
2488	850
2489	6086
2490	6087
2491	6088
2492	784
2493	6089
2494	1814
2495	1884
2496	6090
2497	1598
2498	592
2499	2709
2500	1873
2501	6095
2502	4846
2503	3985
2504	3408
2505	4581
2506	6018
2507	5133
2508	6106
2509	5134
2510	398
2511	715
2512	5389
2513	2168
2514	3134
2515	1609
2516	1129
2517	1919
2518	1369
2519	1239
2520	6137
2521	6140
2522	5164
2523	2410
2524	2006
2525	6141
2526	828
2527	6128
2528	4995
2529	6142
2530	151
2531	4438
2532	1287
2533	5161
2534	6144
2535	3682
2536	6145
2537	6147
2538	2716
2539	6148
2540	1967
2541	1036
2542	6150
2543	6151
2544	5358
2545	3390
2546	6154
2547	4716
2548	1085
2549	2955
2550	6156
2551	448
2552	4023
2553	6160
2554	6161
2555	1040
2556	2465
2557	1978
2558	6163
2559	3553
2560	4499
2561	6166
2562	4125
2563	6170
2564	6171
2565	4271
2566	276
2567	6172
2568	6174
2569	1977
2570	3238
2571	838
2572	1791
2573	6177
2574	6179
2575	6180
2576	2443
2577	742
2578	4590
2579	2612
2580	4213
2581	6185
2582	6186
2583	4968
2584	6189
2585	6191
2586	2477
2587	6192
2588	5552
2589	2969
2590	5384
2591	1954
2592	6196
2593	6060
2594	5591
2595	6197
2596	6121
2597	6112
2598	6199
2599	3443
2600	3555
2601	4557
2602	6204
2603	1007
2604	482
2605	1340
2606	6207
2607	3492
2608	5180
2609	3007
2610	6209
2611	4018
2612	6211
2613	5258
2614	2653
2615	427
2616	730
2617	1018
2618	5772
2619	5000
2620	6221
2621	2157
2622	5658
2623	5132
2624	1122
2625	200
2626	134
2627	1061
2628	754
2629	1104
2630	5464
2631	4574
2632	6227
2633	6229
2634	1108
2635	2030
2636	6231
2637	321
2638	6234
2639	12
2640	3584
2641	891
2642	2655
2643	6055
2644	251
2645	1016
2646	5312
2647	338
2648	653
2649	6243
2650	1307
2651	6244
2652	6245
2653	6246
2654	4021
2655	5969
2656	6247
2657	5819
2658	3923
2659	5652
2660	75
2661	4764
2662	6248
2663	3977
2664	5509
2665	6250
2666	1739
2667	6251
2668	4302
2669	1067
2670	483
2671	5584
2672	2546
2673	4928
2674	1923
2675	1015
2676	512
2677	2263
2678	6256
2679	4938
2680	1651
2681	6258
2682	5156
2683	6259
2684	2627
2685	1557
2686	6260
2687	3051
2688	6261
2689	205
2690	2549
2691	1135
2692	201
2693	4306
2694	1191
2695	4777
2696	2665
2697	6267
2698	4307
2699	803
2700	5915
2701	6013
2702	4990
2703	2989
2704	6270
2705	3875
2706	1521
2707	495
2708	3349
2709	6212
2710	6222
2711	248
2712	6281
2713	2415
2714	1742
2715	5129
2716	6284
2717	6285
2718	6286
2719	4643
2720	6287
2721	5088
2722	6288
2723	6289
2724	1743
2725	1744
2726	6293
2727	6294
2728	6295
2729	3916
2730	2330
2731	6298
2732	2671
2733	5853
2734	1747
2735	1153
2736	6077
2737	2106
2738	2307
2739	6300
2740	6280
2741	5032
2742	3350
2743	6301
2744	648
2745	278
2746	6305
2747	1219
2748	6306
2749	6307
2750	3971
2751	163
2752	6308
2753	2890
2754	1158
2755	805
2756	5812
2757	3525
2758	6173
2759	1048
2760	6313
2761	3615
2762	3370
2763	3095
2764	5999
2765	2244
2766	6315
2767	2056
2768	696
2769	4837
2770	6316
2771	6318
2772	1777
2773	3327
2774	6321
2775	724
2776	5382
2777	5337
2778	6324
2779	5767
2780	6326
2781	1371
2782	3094
2783	4447
2784	3027
2785	1993
2786	6187
2787	670
2788	182
2789	109
2790	789
2791	2121
2792	1107
2793	4118
2794	1467
2795	6331
2796	3081
2797	2796
2798	1551
2799	5430
2800	1515
2801	6133
2802	5168
2803	5821
2804	1690
2805	2084
2806	6339
2807	3867
2808	3529
2809	569
2810	2233
2811	1131
2812	4487
2813	1781
2814	3739
2815	1715
2816	2899
2817	6344
2818	3069
2819	4711
2820	2078
2821	5621
2822	6346
2823	2170
2824	6347
2825	3110
2826	752
2827	5333
2828	3605
2829	3545
2830	3010
2831	3842
2832	1839
2833	5870
2834	4329
2835	116
2836	5321
2837	6353
2838	243
2839	6356
2840	1028
2841	4892
2842	6358
2843	419
2844	1798
2845	3363
2846	996
2847	3347
2848	867
2849	5779
2850	4813
2851	6361
2852	6362
2853	5456
2854	65
2855	6385
2856	6386
2857	6020
2858	2535
2859	6387
2860	6388
2861	6389
2862	5149
2863	6392
2864	1365
2865	6394
2866	6175
2867	6108
2868	4611
2869	6402
2870	2572
2871	6024
2872	4573
2873	3227
2874	2409
2875	6404
2876	1728
2877	6406
2878	2107
2879	5649
2880	1201
2881	5363
2882	486
2883	6410
2884	2690
2885	1890
2886	3132
2887	4477
2888	6370
2889	5329
2890	2820
2891	1240
2892	396
2893	341
2894	6415
2895	6391
2896	1499
2897	822
2898	6422
2899	2805
2900	32
2901	4383
2902	438
2903	1632
2904	5435
2905	6427
2906	2914
2907	6428
2908	6398
2909	6429
2910	1665
2911	3061
2912	1955
2913	2077
2914	2979
2915	6430
2916	473
2917	6278
2918	5709
2919	3831
2920	5656
2921	3298
2922	6434
2923	6435
2924	3374
2925	6436
2926	2762
2927	5397
2928	1645
2929	5833
2930	2924
2931	6438
2932	6439
2933	765
2934	6330
2935	6440
2936	6419
2937	4431
2938	1595
2939	3117
2940	461
2941	4893
2942	3165
2943	698
2944	298
2945	6444
2946	2529
2947	1474
2948	900
2949	6335
2950	6445
2951	4132
2952	5800
2953	2698
2954	4687
2955	4457
2956	5120
2957	6122
2958	4352
2959	6448
2960	2916
2961	4188
2962	4565
2963	6453
2964	6064
2965	6456
2966	4097
2967	647
2968	5291
2969	3213
2970	2701
2971	6460
2972	1842
2973	6401
2974	1083
2975	2851
2976	777
2977	4898
2978	6463
2979	2589
2980	1707
2981	6465
2982	779
2983	3932
2984	6466
2985	372
2986	5081
2987	6450
2988	931
2989	5046
2990	6472
2991	934
2992	2379
2993	4420
2994	2455
2995	814
2996	1251
2997	6477
2998	2128
2999	6479
3000	3780
3001	6480
3002	6345
3003	6481
3004	6482
3005	2147
3006	4943
3007	6203
3008	437
3009	1208
3010	6378
3011	5210
3012	6484
3013	3333
3014	5770
3015	6486
3016	5355
3017	6487
3018	6263
3019	5427
3020	2230
3021	4774
3022	4252
3023	322
3024	785
3025	6489
3026	212
3027	4382
3028	3765
3029	130
3030	5113
3031	5650
3032	2568
3033	6492
3034	4558
3035	519
3036	6493
3037	6494
3038	401
3039	736
3040	5674
3041	6505
3042	973
3043	1321
3044	5696
3045	2931
3046	5186
3047	1759
3048	5615
3049	6511
3050	6512
3051	6513
3052	5268
3053	2717
3054	6514
3055	6515
3056	792
3057	4127
3058	833
3059	4742
3060	3884
3061	2718
3062	3709
3063	6519
3064	5298
3065	6521
3066	6168
3067	5118
3068	6522
3069	2719
3070	4622
3071	4584
3072	2772
3073	1653
3074	6529
3075	2637
3076	6533
3077	3431
3078	6538
3079	49
3080	449
3081	2117
3082	3116
3083	5319
3084	3177
3085	1723
3086	126
3087	6543
3088	6545
3089	6547
3090	5984
3091	6051
3092	3433
3093	2445
3094	3462
3095	807
3096	684
3097	3616
3098	1039
3099	6550
3100	6552
3101	5737
3102	6111
3103	138
3104	6555
3105	5110
3106	6557
3107	2606
3108	845
3109	4727
3110	2482
3111	6559
3112	4864
3113	6560
3114	5711
3115	6297
3116	5438
3117	3478
3118	2652
3119	940
3120	2143
3121	3608
3122	6564
3123	6565
3124	6367
3125	4079
3126	627
3127	1386
3128	379
3129	5324
3130	3463
3131	6570
3132	6572
3133	1043
3134	1872
3135	3547
3136	262
3137	3323
3138	5322
3139	1773
3140	6417
3141	4342
3142	1223
3143	6317
3144	6576
3145	2569
3146	6577
3147	4238
3148	4483
3149	4746
3150	6579
3151	5559
3152	5289
3153	4770
3154	5754
3155	268
3156	5588
3157	3715
3158	3810
3159	4709
3160	6582
3161	2461
3162	5135
3163	183
3164	5059
3165	174
3166	5980
3167	6584
3168	6585
3169	5513
3170	4739
3171	4677
3172	4019
3173	908
3174	4683
3175	3844
3176	2985
3177	6588
3178	6589
3179	6591
3180	6593
3181	374
3182	2603
3183	4679
3184	832
3185	4262
3186	4759
3187	5921
3188	6597
3189	1445
3190	6599
3191	6600
3192	726
3193	5537
3194	6499
3195	6601
3196	3752
3197	6602
3198	2439
3199	5955
3200	6604
3201	6551
3202	6605
3203	6606
3204	4011
3205	5814
3206	3311
3207	6607
3208	5062
3209	6608
3210	1712
3211	2725
3212	6556
3213	2691
3214	5722
3215	6610
3216	1429
3217	6612
3218	560
3219	4639
3220	6613
3221	283
3222	6080
3223	1063
3224	3480
3225	2828
3226	3234
3227	1522
3228	4527
3229	6616
3230	6617
3231	1596
3232	6618
3233	6619
3234	5086
3235	6621
3236	4901
3237	2315
3238	2926
3239	4638
3240	847
3241	6626
3242	6627
3243	5299
3244	3853
3245	6628
3246	6629
3247	4576
3248	6632
3249	2205
3250	388
3251	869
3252	6636
3253	6637
3254	6638
3255	5625
3256	5126
3257	6639
3258	5002
3259	1255
3260	4122
3261	6176
3262	2746
3263	3788
3264	2114
3265	6342
3266	5414
3267	4756
3268	1691
3269	976
3270	5855
3271	3102
3272	5050
3273	4248
3274	6125
3275	6379
3276	5684
3277	5108
3278	6127
3279	491
3280	6647
3281	4139
3282	2133
3283	1754
3284	4386
3285	3329
3286	3338
3287	6650
3288	6651
3289	6652
3290	4133
3291	59
3292	4650
3293	1879
3294	6510
3295	1421
3296	607
3297	1901
3298	1661
3299	6654
3300	423
3301	4894
3302	447
3303	4209
3304	4536
3305	3880
3306	5140
3307	4791
3308	2649
3309	4112
3310	6400
3311	1701
3312	4016
3313	3655
3314	2346
3315	1010
3316	117
3317	3786
3318	6190
3319	2414
3320	5308
3321	2382
3322	5343
3323	6296
3324	164
3325	1588
3326	5436
3327	4665
3328	6663
3329	6664
3330	899
3331	3324
3332	6666
3333	1720
3334	657
3335	5857
3336	3215
3337	6670
3338	3504
3339	3168
3340	358
3341	888
3342	804
3343	4178
3344	1516
3345	4782
3346	1142
3347	6443
3348	1974
3349	5572
3350	1990
3351	5863
3352	3692
3353	5022
3354	6683
3355	3183
3356	2335
3357	6684
3358	5119
3359	3797
3360	391
3361	394
3362	6483
3363	4135
3364	5219
3365	6686
3366	5328
3367	5594
3368	1847
3369	6689
3370	6691
3371	5089
3372	6693
3373	4780
3374	2891
3375	6587
3376	1506
3377	749
3378	6451
3379	6696
3380	6698
3381	33
3382	2923
3383	6700
3384	5399
3385	2913
3386	6701
3387	1727
3388	6703
3389	1257
3390	2705
3391	4291
3392	3336
3393	5643
3394	6672
3395	5101
3396	3967
3397	2105
3398	4505
3399	755
3400	395
3401	6072
3402	6710
3403	4361
3404	4013
3405	1536
3406	6713
3407	2764
3408	3859
3409	1641
3410	144
3411	3809
3412	5914
3413	4208
3414	4648
3415	5503
3416	6454
3417	6116
3418	260
3419	4296
3420	3716
3421	6681
3422	6721
3423	2943
3424	4771
3425	5829
3426	4714
3427	5801
3428	4096
3429	3635
3430	610
3431	3286
3432	5285
3433	6609
3434	4298
3435	1801
3436	6727
3437	1848
3438	6678
3439	1309
3440	3665
3441	4996
3442	1492
3443	6733
3444	577
3445	5478
3446	1032
3447	6736
3448	2697
3449	6737
3450	638
3451	6750
3452	293
3453	2231
3454	4022
3455	6751
3456	5758
3457	6341
3458	6752
3459	1681
3460	1835
3461	3145
3462	1590
3463	2200
3464	2209
3465	6755
3466	3430
3467	2547
3468	2031
3469	2131
3470	2700
3471	4418
3472	4283
3473	6139
3474	1924
3475	6761
3476	6764
3477	3510
3478	3029
3479	2521
3480	6765
3481	1620
3482	3878
3483	5040
3484	6766
3485	6768
3486	693
3487	6769
3488	4180
3489	6771
3490	6772
3491	6773
3492	5013
3493	221
3494	6774
3495	541
3496	6540
3497	1228
3498	567
3499	255
3500	5789
3501	6776
3502	781
3503	4575
3504	998
3505	6680
3506	6777
3507	2873
3508	2706
3509	2259
3510	6779
3511	6668
3512	6780
3513	6735
3514	3791
3515	4462
3516	6781
3517	4775
3518	4531
3519	1655
3520	539
3521	2574
3522	6787
3523	6788
3524	6789
3525	252
3526	2945
3527	355
3528	3711
3529	1909
3530	128
3531	1698
3532	6802
3533	6674
3534	5822
3535	6803
3536	681
3537	3860
3538	1511
3539	6809
3540	6810
3541	6811
3542	2849
3543	5721
3544	225
3545	6717
3546	3645
3547	6380
3548	5025
3549	1996
3550	3141
3551	3588
3552	2375
3553	5276
3554	4906
3555	1047
3556	3889
3557	106
3558	6824
3559	110
3560	3862
3561	4356
3562	332
3563	6690
3564	2476
3565	235
3566	5409
3567	6829
3568	4542
3569	4939
3570	5341
3571	1929
3572	3202
3573	1438
3574	3135
3575	4547
3576	6835
3577	6836
3578	4749
3579	6837
3580	2438
3581	196
3582	3121
3583	6233
3584	2042
3585	1975
3586	6847
3587	5701
3588	1127
3589	4423
3590	1057
3591	331
3592	336
3593	6850
3594	2304
3595	6822
3596	178
3597	349
3598	1986
3599	5786
3600	5296
3601	6855
3602	617
3603	4528
3604	3518
3605	5826
3606	4014
3607	6857
3608	6762
3609	6858
3610	2626
3611	6813
3612	1953
3613	2190
3614	844
3615	1699
3616	3910
3617	4397
3618	5830
3619	6365
3620	2971
3621	5836
3622	4455
3623	6864
3624	6865
3625	4982
3626	6366
3627	4630
3628	6531
3629	5500
3630	5425
3631	4991
3632	2885
3633	3484
3634	2090
3635	6871
3636	3189
3637	6520
3638	3003
3639	5439
3640	5827
3641	1029
3642	2358
3643	223
3644	2109
3645	2771
3646	4433
3647	2654
3648	6876
3649	3628
3650	1606
3651	2271
3652	4694
3653	2027
3654	3442
3655	5993
3656	1296
3657	2530
3658	6219
3659	2052
3660	5345
3661	1148
3662	4956
3663	1508
3664	6216
3665	2624
3666	1174
3667	823
3668	6880
3669	2460
3670	4430
3671	3662
3672	4452
3673	6266
3674	6884
3675	6845
3676	6885
3677	5627
3678	1245
3679	550
3680	1226
3681	4043
3682	3414
3683	3353
3684	6656
3685	6887
3686	4620
3687	6359
3688	6508
3689	2060
3690	6032
3691	6868
3692	5962
3693	6188
3694	2668
3695	6890
3696	4279
3697	6891
3698	651
3699	160
3700	5952
3701	344
3702	6894
3703	2996
3704	5840
3705	2609
3706	3720
3707	1922
3708	1760
3709	2058
3710	2224
3711	2562
3712	6896
3713	4481
3714	1147
3715	663
3716	3539
3717	6899
3718	3746
3719	6900
3720	3804
3721	6726
3722	4443
3723	5880
3724	6455
3725	2337
3726	446
3727	6904
3728	2003
3729	4484
3730	6201
3731	6832
3732	1232
3733	4664
3734	6905
3735	3410
3736	2348
3737	3248
3738	2470
3739	6237
3740	285
3741	1692
3742	6910
3743	3399
3744	4927
3745	571
3746	4932
3747	3718
3748	921
3749	5507
3750	1636
3751	2151
3752	5697
3753	6916
3754	6917
3755	190
3756	2536
3757	614
3758	5947
3759	4947
3760	5858
3761	5352
3762	6921
3763	782
3764	3695
3765	6923
3766	783
3767	2347
3768	3487
3769	6581
3770	2590
3771	6793
3772	1154
3773	672
3774	2225
3775	5205
3776	6925
3777	6926
3778	6930
3779	4617
3780	4087
3781	1475
3782	6931
3783	6491
3784	6924
3785	6934
3786	1856
3787	6830
3788	6935
3789	6936
3790	723
3791	6210
3792	3265
3793	2894
3794	319
3795	4839
3796	4269
3797	6937
3798	3373
3799	6134
3800	880
3801	6801
3802	6349
3803	3657
3804	4427
3805	6046
3806	6938
3807	91
3808	5877
3809	3550
3810	1393
3811	5469
3812	6665
3813	4315
3814	6941
3815	1372
3816	5910
3817	2972
3818	2993
3819	5929
3820	191
3821	5203
3822	1593
3823	3191
3824	5138
3825	6728
3826	727
3827	3201
3828	6946
3829	3219
3830	2232
3831	4285
3832	6747
3833	380
3834	6951
3835	5360
3836	3464
3837	4925
3838	6022
3839	2968
3840	2418
3841	4881
3842	1126
3843	78
3844	2935
3845	369
3846	4773
3847	5318
3848	6954
3849	6955
3850	3087
3851	2845
3852	509
3853	3467
3854	2634
3855	530
3856	5021
3857	3973
3858	3053
3859	2363
3860	6948
3861	5495
3862	545
3863	6964
3864	2682
3865	5788
3866	2900
3867	3586
3868	5102
3869	1333
3870	3659
3871	1650
3872	4598
3873	643
3874	6102
3875	6967
3876	809
3877	6658
3878	2543
3879	2098
3880	3924
3881	5520
3882	4640
3883	3881
3884	6756
3885	5876
3886	6969
3887	3013
3888	1110
3889	1710
3890	5073
3891	965
3892	6971
3893	1400
3894	6972
3895	2510
3896	2620
3897	3593
3898	2801
3899	6974
3900	637
3901	6975
3902	6976
3903	2878
3904	2859
3905	3231
3906	1134
3907	3357
3908	5524
3909	4824
3910	4966
3911	416
3912	351
3913	6980
3914	6371
3915	6981
3916	5144
3917	6983
3918	4634
3919	6984
3920	2132
3921	2274
3922	6987
3923	6988
3924	5053
3925	4485
3926	2134
3927	302
3928	1927
3929	6702
3930	6989
3931	6990
3932	1225
3933	4518
3934	5315
3935	3237
3936	6991
3937	4059
3938	5825
3939	3218
3940	2643
3941	6992
3942	4264
3943	5540
3944	5771
3945	5563
3946	3607
3947	6223
3948	2194
3949	502
3950	333
3951	4227
3952	6995
3953	5233
3954	5782
3955	6424
3956	692
3957	4328
3958	5953
3959	3182
3960	2978
3961	863
3962	4216
3963	6490
3964	7001
3965	3282
3966	6169
3967	7005
3968	2115
3969	1215
3970	3793
3971	94
3972	5099
3973	7008
3974	6068
3975	2567
3976	7009
3977	2343
3978	7011
3979	7012
3980	5423
3981	7014
3982	7015
3983	5623
3984	6895
3985	5004
3986	353
3987	3876
3988	2333
3989	7016
3990	5835
3991	317
3992	1841
3993	3259
3994	418
3995	3996
3996	7017
3997	886
3998	2905
3999	6998
4000	392
4001	7020
4002	2313
4003	1586
4004	7004
4005	5768
4006	2202
4007	1804
4008	143
4009	4373
4010	7024
4011	4692
4012	2221
4013	5227
4014	3054
4015	7027
4016	4131
4017	7028
4018	7029
4019	1399
4020	3781
4021	1647
4022	4834
4023	1887
4024	5653
4025	7031
4026	6770
4027	5116
4028	4728
4029	5406
4030	4323
4031	1155
4032	485
4033	903
4034	2025
4035	6500
4036	820
4037	5396
4038	5223
4039	706
4040	277
4041	1634
4042	177
4043	7037
4044	4031
4045	6153
4046	2336
4047	6906
4048	7038
4049	5428
4050	7039
4051	4347
4052	1565
4053	4337
4054	3160
4055	5645
4056	1325
4057	7042
4058	7043
4059	2594
4060	1998
4061	5528
4062	5418
4063	4718
4064	2429
4065	6908
4066	229
4067	5069
4068	6580
4069	1758
4070	3440
4071	5547
4072	6129
4073	7044
4074	7048
4075	7049
4076	6645
4077	5796
4078	3600
4079	1644
4080	3697
4081	4348
4082	3706
4083	7000
4084	5763
4085	198
4086	1765
4087	3667
4088	4772
4089	2867
4090	5776
4091	514
4092	5310
4093	3683
4094	5502
4095	1613
4096	7055
4097	6193
4098	2339
4099	5197
4100	1035
4101	3764
4102	5235
4103	1721
4104	1985
4105	6461
4106	633
4107	5987
4108	6254
4109	5642
4110	4796
4111	6442
4112	2838
4113	7059
4114	6633
4115	5517
4116	1243
4117	7060
4118	6993
4119	5098
4120	6649
4121	3186
4122	1197
4123	2294
4124	3799
4125	1654
4126	621
4127	5353
4128	436
4129	3674
4130	6615
4131	3040
4132	3618
4133	7064
4134	5092
4135	1322
4136	3890
4137	7065
4138	6660
4139	4465
4140	7066
4141	424
4142	7067
4143	7068
4144	4704
4145	918
4146	378
4147	425
4148	5512
4149	967
4150	6791
4151	208
4152	5440
4153	3156
4154	19
4155	2283
4156	4883
4157	6697
4158	3393
4159	5335
4160	6437
4161	7074
4162	3770
4163	632
4164	1983
4165	2844
4166	468
4167	6337
4168	5546
4169	5565
4170	1454
4171	7079
4172	4882
4173	5750
4174	3795
4175	2472
4176	7081
4177	6622
4178	3942
4179	6507
4180	796
4181	5266
4182	6167
4183	1308
4184	146
4185	5041
4186	5891
4187	272
4188	4525
4189	1477
4190	6846
4191	6815
4192	7082
4193	2089
4194	4374
4195	2659
4196	4879
4197	2660
4198	2193
4199	7083
4200	7084
4201	4841
4202	1734
4203	3471
4204	4402
4205	2939
4206	1261
4207	7086
4208	4616
4209	5939
4210	5927
4211	645
4212	192
4213	3142
4214	1481
4215	7088
4216	1812
4217	529
4218	5860
4219	4681
4220	3119
4221	4450
4222	7089
4223	6630
4224	7022
4225	631
4226	6098
4227	722
4228	3275
4229	5496
4230	3557
4231	1497
4232	2552
4233	4984
4234	6162
4235	311
4236	679
4237	4848
4238	2580
4239	2325
4240	6817
4241	5543
4242	169
4243	3274
4244	5325
4245	5942
4246	307
4247	5178
4248	217
4249	5260
4250	1414
4251	7021
4252	7073
4253	4149
4254	1109
4255	4729
4256	3871
4257	3
4258	4467
4259	3898
4260	1992
4261	3812
4262	3959
4263	1577
4264	7100
4265	7075
4266	7101
4267	5663
4268	7104
4269	5964
4270	812
4271	6198
4272	4853
4273	7105
4274	5884
4275	1612
4276	1862
4277	3256
4278	7106
4279	1828
4280	1368
4281	6624
4282	4885
4283	7107
4284	466
4285	4318
4286	6920
4287	7111
4288	7112
4289	5109
4290	7114
4291	6396
4292	6968
4293	5887
4294	7115
4295	5476
4296	5558
4297	5364
4298	1614
4299	6126
4300	1528
4301	3775
4302	6470
4303	3516
4304	1461
4305	1150
4306	6242
4307	4067
4308	292
4309	1989
4310	3646
4311	7119
4312	3309
4313	7121
4314	6731
4315	1072
4316	4538
4317	2186
4318	1391
4319	28
4320	2642
4321	5072
4322	6352
4323	6798
4324	1466
4325	3402
4326	2079
4327	4210
4328	1875
4329	233
4330	612
4331	2360
4332	6915
4333	6807
4334	6748
4335	337
4336	5340
4337	3072
4338	690
4339	3901
4340	5883
4341	2381
4342	7053
4343	6806
4344	457
4345	7138
4346	2614
4347	6866
4348	2901
4349	1374
4350	3721
4351	7132
4352	5784
4353	559
4354	6646
4355	471
4356	1145
4357	5208
4358	6355
4359	1305
4360	2214
4361	6754
4362	932
4363	7149
4364	1824
4365	987
4366	6497
4367	5071
4368	1997
4369	5331
4370	6566
4371	948
4372	7151
4373	2723
4374	2648
4375	131
4376	5597
4377	2053
4378	6132
4379	6350
4380	3625
4381	2480
4382	6274
4383	6409
4384	3619
4385	4267
4386	4545
4387	1441
4388	3021
4389	2685
4390	6496
4391	2686
4392	1075
4393	1192
4394	2007
4395	7156
4396	746
4397	1995
4398	6567
4399	3611
4400	7159
4401	7142
4402	7160
4403	7018
4404	5714
4405	55
4406	4399
4407	3078
4408	299
4409	3747
4410	3944
4411	6368
4412	6861
4413	7165
4414	3476
4415	403
4416	6200
4417	6025
4418	7168
4419	2171
4420	4757
4421	6831
4422	1420
4423	3948
4424	6107
4425	4723
4426	912
4427	6252
4428	1217
4429	3084
4430	7169
4431	2184
4432	2556
4433	31
4434	2694
4435	7172
4436	2004
4437	2155
4438	5079
4439	4720
4440	5185
4441	3356
4442	4273
4443	5974
4444	3512
4445	4099
4446	6462
4447	1392
4448	3453
4449	5607
4450	7123
4451	5317
4452	1608
4453	2050
4454	7175
4455	3296
4456	1957
4457	3846
4458	7176
4459	2426
4460	3614
4461	3591
4462	209
4463	7178
4464	5941
4465	6395
4466	3814
4467	2466
4468	5861
4469	4221
4470	1603
4471	6471
4472	5366
4473	7180
4474	1353
4475	5106
4476	5746
4477	6816
4478	5968
4479	600
4480	1238
4481	73
4482	2846
4483	6374
4484	2097
4485	2013
4486	4350
4487	6711
4488	7182
4489	7183
4490	3768
4491	4733
4492	4647
4493	6692
4494	5212
4495	7184
4496	6447
4497	3266
4498	5028
4499	6927
4500	7030
4501	6375
4502	806
4503	5314
4504	6799
4505	968
4506	3792
4507	4441
4508	4274
4509	7187
4510	7188
4511	878
4512	1200
4513	7189
4514	4712
4515	5332
4516	1934
4517	1364
4518	7158
4519	6423
4520	1745
4521	1629
4522	6944
4523	2367
4524	1894
4525	6109
4526	7110
4527	360
4528	1494
4529	7193
4530	7194
4531	4142
4532	1911
4533	6907
4534	6184
4535	7196
4536	815
4537	2657
4538	1302
4539	3640
4540	7197
4541	7136
4542	4762
4543	1077
4544	2126
4545	7199
4546	5330
4547	7200
4548	5864
4549	2341
4550	3071
4551	7201
4552	7099
4553	7202
4554	3691
4555	2023
4556	4913
4557	5815
4558	2527
4559	6441
4560	23
4561	1416
4562	5730
4563	991
4564	4658
4565	5965
4566	7208
4567	2035
4568	7210
4569	6928
4570	5893
4571	7212
4572	420
4573	2054
4574	2427
4575	5371
4576	2870
4577	6723
4578	4706
4579	6883
4580	4635
4581	2936
4582	5400
4583	4379
4584	3257
4585	1918
4586	3389
4587	543
4588	2364
4589	4211
4590	6373
4591	4800
4592	5090
4593	2617
4594	5365
4595	2732
4596	7217
4597	4766
4598	7218
4599	4865
4600	2866
4601	7171
4602	1822
4603	7220
4604	7221
4605	6131
4606	121
4607	4345
4608	5127
4609	1876
4610	4540
4611	1379
4612	3704
4613	7091
4614	2839
4615	7225
4616	465
4617	1163
4618	3987
4619	4200
4620	5228
4621	4228
4622	3713
4623	5290
4624	741
4625	6903
4626	241
4627	1979
4628	6759
4629	6958
4630	1363
4631	6640
4632	547
4633	5569
4634	4331
4635	3679
4636	2446
4637	6468
4638	480
4639	7231
4640	744
4641	7232
4642	6996
4643	7233
4644	6031
4645	4909
4646	7234
4647	1893
4648	6333
4649	3411
4650	1512
4651	5147
4652	6901
4653	2448
4654	7094
4655	5204
4656	6016
4657	377
4658	575
4659	6859
4660	7237
4661	7239
4662	6397
4663	4619
4664	5248
4665	6405
4666	758
4667	7240
4668	5506
4669	5707
4670	7241
4671	688
4672	7243
4673	522
4674	7246
4675	7247
4676	625
4677	6276
4678	4582
4679	7249
4680	1687
4681	340
4682	4890
4683	4785
4684	914
4685	6746
4686	7203
4687	3269
4688	3018
4689	6272
4690	6363
4691	1128
4692	2293
4693	3446
4694	6707
4695	5387
4696	1411
4697	4461
4698	3058
4699	4962
4700	3233
4701	877
4702	501
4703	7250
4704	3032
4705	959
4706	6574
4707	3101
4708	1117
4709	4747
4710	952
4711	2644
4712	1817
4713	6075
4714	6104
4715	5648
4716	761
4717	301
4718	4822
4719	1859
4720	2449
4721	5667
4722	7253
4723	3979
4724	6720
4725	4066
4726	2354
4727	5460
4728	2662
4729	4121
4730	4436
4731	5894
4732	2551
4733	7255
4734	4750
4735	3597
4736	7257
4737	5061
4738	2094
4739	7258
4740	6518
4741	7259
4742	7260
4743	6269
4744	5281
4745	5146
4746	5859
4747	4603
4748	4614
4749	2666
4750	1878
4751	6446
4752	6740
4753	3877
4754	841
4755	1840
4756	3299
4757	3039
4758	7262
4759	1538
4760	4137
4761	5453
4762	3811
4763	3239
4764	7135
4765	3531
4766	2519
4767	5179
4768	7108
4769	6390
4770	100
4771	3206
4772	6853
4773	7263
4774	6314
4775	188
4776	7264
4777	481
4778	1054
4779	6037
4780	3002
4781	6225
4782	6675
4783	3638
4784	2672
4785	669
4786	3273
4787	7279
4788	2608
4789	3184
4790	7283
4791	7287
4792	463
4793	6933
4794	5309
4795	2592
4796	5468
4797	1750
4798	5386
4799	2419
4800	1770
4801	3950
4802	7289
4803	4836
4804	4933
4805	5336
4806	5741
4807	6834
4808	5039
4809	853
4810	4919
4811	623
4812	7308
4813	6892
4814	280
4815	7045
4816	5413
4817	2558
4818	6795
4819	5398
4820	3304
4821	1405
4822	6292
4823	2497
4824	7313
4825	3592
4826	5777
4827	7317
4828	4255
4829	3046
4830	7319
4831	7134
4832	4721
4833	7051
4834	4181
4835	1175
4836	5271
4837	5448
4838	7320
4839	1021
4840	5463
4841	6403
4842	3782
4843	1761
4844	2628
4845	266
4846	4332
4847	916
4848	1700
4849	7324
4850	793
4851	5154
4852	354
4853	7326
4854	7327
4855	5570
4856	6573
4857	7328
4858	3405
4859	7330
4860	120
4861	7331
4862	7061
4863	4437
4864	3244
4865	3800
4866	4685
4867	7290
4868	3918
4869	4806
4870	4475
4871	1335
4872	5194
4873	1663
4874	6738
4875	740
4876	4819
4877	2154
4878	6100
4879	2158
4880	1100
4881	7310
4882	1165
4883	995
4884	7335
4885	7336
4886	5283
4887	4052
4888	1982
4889	6598
4890	6319
4891	4078
4892	3548
4893	2684
4894	5878
4895	1450
4896	5265
4897	6249
4898	6595
4899	576
4900	239
4901	1132
4902	1793
4903	5504
4904	111
4905	7341
4906	709
4907	4832
4908	325
4909	7343
4910	2435
4911	5871
4912	2512
4913	5462
4914	3801
4915	5181
4916	2500
4917	4970
4918	7347
4919	88
4920	7349
4921	7350
4922	4435
4923	5604
4924	6775
4925	500
4926	6113
4927	3416
4928	3067
4929	1291
4930	2288
4931	753
4932	1808
4933	1146
4934	1836
4935	3515
4936	5466
4937	1218
4938	4432
4939	6094
4940	4869
4941	905
4942	7309
4943	1900
4944	1563
4945	910
4946	5287
4947	6157
4948	3699
4949	5951
4950	6966
4951	7315
4952	4035
4953	6027
4954	2928
4955	3384
4956	7354
4957	3178
4958	6642
4959	5221
4960	3322
4961	3377
4962	5567
4963	4117
4964	2695
4965	6523
4966	5250
4967	2464
4968	156
4969	4567
4970	7125
4971	7268
4972	7157
4973	417
4974	7361
4975	4338
4976	6290
4977	5370
4978	3372
4979	3398
4980	3864
4981	517
4982	7129
4983	1926
4984	6985
4985	1888
4986	2586
4987	7366
4988	4550
4989	2514
4990	4604
4991	5662
4992	1659
4993	3295
4994	946
4995	3906
4996	3500
4997	6804
4998	1227
4999	665
5000	2522
5001	6035
5002	7368
5003	6878
5004	2874
5005	5189
5006	4150
5007	4689
5008	7041
5009	7085
5010	6348
5011	1912
5012	2091
5013	3285
5014	6874
5015	4523
5016	7360
5017	7006
5018	7371
5019	1540
5020	2822
5021	7372
5022	7373
5023	3566
5024	5640
5025	3106
5026	4341
5027	7375
5028	6504
5029	4554
5030	6275
5031	1343
5032	7376
5033	563
5034	3245
5035	5981
5036	5532
5037	6549
5038	6973
5039	7141
5040	2619
5041	2049
5042	604
5043	1286
5044	5112
5045	4593
5046	5008
5047	2264
5048	497
5049	5636
5050	6265
5051	5865
5052	5182
5053	4055
5054	7277
5055	4365
5056	2076
5057	1312
5058	1264
5059	7380
5060	24
5061	7236
5062	1087
5063	2174
5064	6818
5065	1591
5066	6165
5067	7192
5068	4106
5069	6695
5070	3988
5071	7384
5072	142
5073	7385
5074	1171
5075	7242
5076	7386
5077	5063
5078	894
5079	2108
5080	5160
5081	3335
5082	2588
5083	4147
5084	7387
5085	4896
5086	7388
5087	7389
5088	149
5089	3043
5090	857
5091	5526
5092	7390
5093	5561
5094	6919
5095	288
5096	6994
5097	2433
5098	6420
5099	357
5100	7278
5101	4972
5102	6631
5103	5339
5104	5881
5105	3631
5106	3568
5107	6870
5108	445
5109	4840
5110	1433
5111	985
5112	4907
5113	7392
5114	5846
5115	2784
5116	7393
5117	5216
5118	2452
5119	7394
5120	4261
5121	3068
5122	7396
5123	3131
5124	2208
5125	7010
5126	909
5127	215
5128	1111
5129	2938
5130	2774
5131	3624
5132	2471
5133	6372
5134	6273
5135	4838
5136	6571
5137	3313
5138	2517
5139	180
5140	7402
5141	4974
5142	7023
5143	7403
5144	7404
5145	7405
5146	3167
5147	5076
5148	4183
5149	5159
5150	4513
5151	1555
5152	5157
5153	1173
5154	6059
5155	7406
5156	7070
5157	6325
5158	3879
5159	1939
5160	6784
5161	3305
5162	470
5163	6758
5164	2316
5165	6841
5166	6957
5167	6949
5168	1124
5169	1640
5170	4934
5171	6498
5172	5888
5173	2864
5174	750
5175	3652
5176	3493
5177	6575
5178	3707
5179	20
5180	3157
5181	3930
5182	7411
5183	7322
5184	5301
5185	7412
5186	6304
5187	7413
5188	2930
5189	4931
5190	2965
5191	4657
5192	1367
5193	7414
5194	930
5195	414
5196	3455
5197	6159
5198	4111
5199	7035
5200	4241
5201	5736
5202	3289
5203	1462
5204	6912
5205	3419
5206	271
5207	4308
5208	6054
5209	5664
5210	4526
5211	6965
5212	3482
5213	7280
5214	7102
5215	5060
5216	829
5217	3700
5218	1956
5219	2941
5220	1190
5221	7204
5222	2432
5223	2922
5224	616
5225	4591
5226	439
5227	6135
5228	7418
5229	5230
5230	2273
5231	3829
5232	6136
5233	5744
5234	5766
5235	4940
5236	4280
5237	7419
5238	7339
5239	6715
5240	84
5241	6548
5242	766
5243	3735
5244	6586
5245	3436
5246	4120
5247	5582
5248	3969
5249	5710
5250	5683
5251	1696
5252	2431
5253	2944
5254	1525
5255	7421
5256	7316
5257	6558
5258	6074
5259	7032
5260	3173
5261	2615
5262	3358
5263	2892
5264	5686
5265	964
5266	3870
5267	3268
5268	3733
5269	2112
5270	901
5271	7424
5272	7062
5273	7300
5274	90
5275	7334
5276	3727
5277	620
5278	1114
5279	6760
5280	6653
5281	677
5282	7427
5283	306
5284	6821
5285	1342
5286	7095
5287	1821
5288	7429
5289	2303
5290	3332
5291	2909
5292	3088
5293	711
5294	5030
5295	7103
5296	7432
5297	7215
5298	2526
5299	7285
5300	5404
5301	1486
5302	6694
5303	17
5304	5245
5305	3454
5306	5224
5307	5131
5308	515
5309	4983
5310	7269
5311	6911
5312	2458
5313	4924
5314	375
5315	2356
5316	7078
5317	5163
5318	2773
5319	2253
5320	4077
5321	7435
5322	6336
5323	4693
5324	2639
5325	6860
5326	6413
5327	5961
5328	4803
5329	1680
5330	1870
5331	2605
5332	6625
5333	7437
5334	1949
5335	2584
5336	6110
5337	6228
5338	4736
5339	5906
5340	6425
5341	6875
5342	3483
5343	3604
5344	4566
5345	227
5346	2775
5347	5459
5348	6939
5349	5497
5350	7442
5351	5356
5352	3210
5353	6469
5354	4093
5355	113
5356	7443
5357	7270
5358	7444
5359	1248
5360	3796
5361	641
5362	5213
5363	4627
5364	4223
5365	7445
5366	7145
5367	7026
5368	7433
5369	2057
5370	1554
5371	4246
5372	3092
5373	6058
5374	7451
5375	7450
5376	6592
5377	1139
5378	367
5379	6888
5380	7058
5381	5571
5382	7452
5383	2760
5384	2199
5385	97
5386	2986
5387	4936
5388	4458
5389	6634
5390	3743
5391	4910
5392	989
5393	7025
5394	6739
5395	5214
5396	3263
5397	2833
5398	5525
5399	7362
5400	6030
5401	5606
5402	843
5403	3396
5404	2291
5405	6253
5406	7293
5407	5633
5408	7446
5409	6103
5410	2355
5411	3579
5412	3857
5413	3642
5414	330
5415	6433
5416	2028
5417	6078
5418	6596
5419	5557
5420	5967
5421	3738
5422	6708
5423	4115
5424	7456
5425	1432
5426	3314
5427	5155
5428	7431
5429	6952
5430	874
5431	6782
5432	5808
5433	659
5434	2319
5435	4713
5436	5196
5437	7207
5438	3559
5439	6960
5440	4646
5441	554
5442	7098
5443	1056
5444	4109
5445	6539
5446	3175
5447	6369
5448	3943
5449	1012
5450	4398
5451	6705
5452	7458
5453	2999
5454	43
5455	511
5456	7050
5457	947
5458	4113
5459	3506
5460	7461
5461	4411
5462	5755
5463	1017
5464	5764
5465	4845
5466	1096
5467	4254
5468	4311
5469	7397
5470	5338
5471	5677
5472	7077
5473	6117
5474	432
5475	4154
5476	4114
5477	7463
5478	3726
5479	2459
5480	5760
5481	7382
5482	5654
5483	6535
5484	6673
5485	3063
5486	2068
5487	1513
5488	1786
5489	82
5490	7179
5491	2144
5492	5470
5493	5278
5494	5646
5495	5773
5496	3937
5497	3457
5498	4827
5499	7468
5500	7128
5501	1964
5502	7470
5503	7122
5504	7298
5505	4303
5506	7471
5507	4586
5508	1384
5509	7034
5510	393
5511	6542
5512	7399
5513	1306
5514	2917
5515	7472
5516	1827
5517	1915
5518	6218
5519	2436
5520	5237
5521	6517
5522	7473
5523	7164
5524	1507
5525	7222
5526	977
5527	2765
5528	6414
5529	2523
5530	2104
5531	6149
5532	5573
5533	2798
5534	184
5535	6881
5536	6255
5537	6716
5538	4385
5539	2405
5540	2759
5541	6338
5542	7477
5543	1022
5544	2810
5545	7054
5546	7478
5547	1408
5548	1746
5549	4768
5550	3787
5551	7441
5552	7479
5553	6412
5554	5945
5555	2096
5556	1553
5557	3226
5558	7303
5559	4793
5560	2761
5561	2950
5562	5334
5563	6118
5564	256
5565	5824
5566	6327
5567	5445
5568	1299
5569	7481
5570	892
5571	3277
5572	6783
5573	7482
5574	3678
5575	2710
5576	7483
5577	1675
5578	139
5579	4521
5580	911
5581	700
5582	3491
5583	6669
5584	5580
5585	5259
5586	6644
5587	691
5588	7420
5589	6970
5590	7485
5591	5202
5592	3955
5593	1952
5594	1882
5595	2234
5596	1556
5597	3717
5598	3938
5599	4724
5600	421
5601	1666
5602	4357
5603	7486
5604	1273
5605	476
5606	5137
5607	5017
5608	3941
5609	2976
5610	608
5611	3242
5612	770
5613	5357
5614	5596
5615	3064
5616	5173
5617	289
5618	4555
5619	7307
5620	7052
5621	6978
5622	7488
5623	2156
5624	1080
5625	636
5626	2417
5627	7489
5628	5900
5629	5745
5630	5014
5631	2744
5632	521
5633	6502
5634	6503
5635	2026
5636	3290
5637	6073
5638	2635
5639	2342
5640	1058
5641	6271
5642	2262
5643	581
5644	839
5645	7490
5646	555
5647	6354
5648	7491
5649	7109
5650	4406
5651	1724
5652	4165
5653	872
5654	5787
5655	2407
5656	5373
5657	2349
5658	1780
5659	4048
5660	2872
5661	7090
5662	5416
5663	1428
5664	6648
5665	2074
5666	6741
5667	4831
5668	1136
5669	3144
5670	3380
5671	2865
5672	4173
5673	2492
5674	3077
5675	2141
5676	265
5677	4032
5678	7063
5679	2213
5680	1610
5681	6021
5682	6873
5683	5306
5684	6743
5685	6785
5686	4815
5687	816
5688	2587
5689	5574
5690	7342
5691	3438
5692	4160
5693	7494
5694	2124
5695	7033
5696	7057
5697	7495
5698	4585
5699	7457
5700	2602
5701	3596
5702	6236
5703	1323
5704	5905
5705	6844
5706	1113
5707	3008
5708	4702
5709	5111
5710	4459
5711	2241
5712	1071
5713	6893
5714	4700
5715	682
5716	6867
5717	2215
5718	937
5719	7497
5720	5251
5721	4058
5722	1352
5723	4789
5724	4501
5725	147
5726	6594
5727	4116
5728	3181
5729	6667
5730	3346
5731	2656
5732	950
5733	6578
5734	830
5735	8
5736	7148
5737	7367
5738	7498
5739	6902
5740	6655
5741	2910
5742	6953
5743	7174
5744	1284
5745	1250
5746	1112
5747	6932
5748	7223
5749	5426
5750	1737
5751	3108
5752	7238
5753	580
5754	3136
5755	2281
5756	2663
5757	6138
5758	1258
5759	1044
5760	7502
5761	768
5762	1376
5763	4998
5764	213
5765	6563
5766	7219
5767	7137
5768	3074
5769	1740
5770	41
5771	4659
5772	7503
5773	915
5774	7504
5775	6485
5776	7281
5777	7505
5778	7363
5779	5057
5780	5562
5781	3874
5782	7299
5783	3994
5784	7506
5785	3024
5786	7507
5787	960
5788	1695
5789	6277
5790	1843
5791	719
5792	1082
5793	1501
5794	7116
5795	2670
5796	3731
5797	4899
5798	5474
5799	5369
5800	5027
5801	3432
5802	4219
5803	6778
5804	6202
5805	6862
5806	7321
5807	1490
5808	7314
5809	7513
5810	7126
5811	3022
5812	6662
5813	5839
5814	1705
5815	5303
5816	5983
5817	868
5818	4884
5819	3019
5820	4578
5821	6929
5822	1751
5823	39
5824	6516
5825	4360
5826	7516
5827	2189
5828	3995
5829	2953
5830	6950
5831	1211
5832	611
5833	6843
5834	3450
5835	913
5836	2385
5837	5657
5838	4229
5839	2750
5840	7517
5841	7518
5842	2721
5843	7248
5844	5738
5845	3383
5846	6019
5847	5966
5848	3042
5849	3404
5850	3228
5851	1394
5852	6796
5853	1756
5854	257
5855	6426
5856	44
5857	107
5858	5703
5859	1933
5860	5749
5861	6195
5862	123
5863	3951
5864	925
5865	3790
5866	860
5867	954
5868	3891
5869	6241
5870	7522
5871	4960
5872	2473
5873	2780
5874	6730
5875	300
5876	618
5877	7357
5878	3127
5879	5581
5880	7069
5881	3086
5882	4177
5883	4413
5884	1315
5885	3194
5886	7525
5887	2000
5888	1517
5889	1133
5890	927
5891	6099
5892	628
5893	738
5894	2272
5895	2220
5896	356
5897	2613
5898	7195
5899	3375
5900	3850
5901	6262
5902	7527
5903	7272
5904	3503
5905	1947
5906	2809
5907	6918
5908	5350
5909	2246
5910	6238
5911	2082
5912	5226
5913	7496
5914	5054
5915	3400
5916	2223
5917	7117
5918	685
5919	7152
5920	3280
5921	2401
5922	1412
5923	7284
5924	7467
5925	6418
5926	4691
5927	3451
5928	6329
5929	955
5930	2560
5931	4276
5932	7531
5933	4064
5934	6334
5935	6230
5936	4563
5937	1646
5938	3412
5939	2904
5940	6879
5941	207
5942	3954
5943	34
5944	1001
5945	7509
5946	5346
5947	7533
5948	3328
5949	3745
5950	5691
5951	4835
5952	7529
5953	4673
5954	4641
5955	5806
5956	2185
5957	4861
5958	7535
5959	7131
5960	5523
5961	800
5962	2165
5963	4404
5964	1635
5965	2982
5966	507
5967	5167
5968	1141
5969	817
5970	7080
5971	7536
5972	2952
5973	7500
5974	6553
5975	6235
5976	7537
5977	980
5978	1731
5979	5130
5980	7133
5981	1999
5982	7539
5983	7046
5984	2250
5985	4804
5986	5908
5987	7540
5988	759
5989	5471
5990	7521
5991	5601
5992	7318
5993	2753
5994	3585
5995	7541
5996	5970
5997	6833
5998	578
5999	7379
6000	2779
6001	798
6002	1373
6003	1198
6004	452
6005	6962
6006	7337
6007	7543
6008	5067
6009	4560
6010	7358
6011	7146
6012	4978
6013	4405
6014	4235
6015	3267
6016	1360
6017	1830
6018	2404
6019	5769
6020	5551
6021	3439
6022	701
6023	4403
6024	7545
6025	4395
6026	4083
6027	1673
6028	6536
6029	4688
6030	6823
6031	4253
6032	6827
6033	7144
6034	1832
6035	6569
6036	1495
6037	993
6038	3044
6039	7191
6040	5805
6041	1076
6042	5394
6043	3481
6044	1519
6045	7430
6046	38
6047	1254
6048	4752
6049	6093
6050	6800
6051	4612
6052	5742
6053	76
6054	1260
6055	7548
6056	3998
6057	6421
6058	3935
6059	2252
6060	6661
6061	1181
6062	3999
6063	1807
6064	7398
6065	2306
6066	6842
6067	6956
6068	5408
6069	1252
6070	4941
6071	6123
6072	7434
6073	2707
6074	1244
6075	6722
6076	7520
6077	3494
6078	5011
6079	6009
6080	1444
6081	5048
6082	6725
6083	5029
6084	4509
6085	1267
6086	5431
6087	4973
6088	5484
6089	6501
6090	5153
6091	5982
6092	2711
6093	3887
6094	3468
6095	29
6096	399
6097	1931
6098	6940
6099	3656
6100	6854
6101	166
6102	1976
6103	2610
6104	2792
6105	168
6106	3623
6107	6158
6108	855
6109	7153
6110	4004
6111	4001
6112	1605
6113	3983
6114	6474
6115	586
6116	4174
6117	7364
6118	3802
6119	6323
6120	2625
6121	6382
6122	6546
6123	1265
6124	4520
6125	4278
6126	158
6127	6092
6128	7551
6129	1944
6130	6332
6131	6130
6132	7374
6133	5748
6134	4847
6135	4696
6136	194
6137	3118
6138	5444
6139	5074
6140	1767
6141	4642
6142	1768
6143	7511
6144	5548
6145	1317
6146	1719
6147	505
6148	3783
6149	2314
6150	7552
6151	7186
6152	96
6153	4778
6154	527
6155	5614
6156	3778
6157	5644
6158	5554
6159	4107
6160	1660
6161	6561
6162	2176
6163	3757
6164	1575
6165	4263
6166	5170
6167	3137
6168	2456
6169	6790
6170	2295
6171	557
6172	6364
6173	6343
6174	2853
6175	1246
6176	1625
6177	6527
6178	1151
6179	1580
6180	46
6181	6676
6182	6838
6183	4811
6184	7542
6185	3970
6186	2255
6187	7127
6188	6143
6189	7294
6190	1529
6191	3705
6192	1081
6193	2457
6194	1703
6195	1567
6196	269
6197	5035
6198	7163
6199	2196
6200	1068
6201	3981
6202	2450
6203	7295
6204	2778
6205	3397
6206	2044
6207	385
6208	3180
6209	4946
6210	7554
6211	6534
6212	4937
6213	7416
6214	6376
6215	6214
6216	5843
6217	756
6218	6475
6219	4027
6220	3825
6221	467
6222	1838
6223	2120
6224	1484
6225	7555
6226	5762
6227	7556
6228	683
6229	4416
6230	7493
6231	4849
6232	1160
6233	2575
6234	348
6235	1527
6236	5165
6237	6898
6238	6232
6239	7224
6240	7147
6241	735
6242	6309
6243	63
6244	7460
6245	3243
6246	6408
6247	7214
6248	7096
6249	5206
6250	67
6251	4874
6252	2206
6253	5616
6254	4870
6255	3974
6256	1138
6257	7291
6258	3014
6259	2387
6260	1453
6261	5187
6262	2275
6263	3826
6264	7143
6265	7391
6266	5192
6267	3767
6268	7229
6269	3415
6270	4108
6271	6478
6272	733
6273	3294
6274	6825
6275	5492
6276	5811
6277	7440
6278	3915
6279	5681
6280	1535
6281	4686
6282	3841
6283	51
6284	4512
6285	1792
6286	5761
6287	334
6288	318
6289	3429
6290	2667
6291	3986
6292	6320
6293	3080
6294	7547
6295	3513
6296	842
6297	6458
6298	104
6299	5692
6300	453
6301	7381
6302	673
6303	6643
6304	2425
6305	6034
6306	6963
6307	7235
6308	7338
6309	3011
6310	5630
6311	7076
6312	6724
6313	6979
6314	3895
6315	3581
6316	2540
6317	2800
6318	4270
6319	3505
6320	6097
6321	2673
6322	2830
6323	136
6324	7469
6325	3902
6326	2123
6327	6268
6328	5875
6329	5238
6330	2585
6331	3744
6332	2785
6333	5348
6334	3549
6335	6537
6336	7359
6337	4873
6338	4472
6339	230
6340	7562
6341	1216
6342	3334
6343	4971
6344	5442
6345	4900
6346	7383
6347	4825
6348	7185
6349	2317
6350	4375
6351	3147
6352	4190
6353	7568
6354	2373
6355	3913
6356	7569
6357	5239
6358	2406
6359	4324
6360	5247
6361	3097
6362	2066
6363	2322
6364	4954
6365	4061
6366	5960
6367	2807
6368	6525
6369	856
6370	6530
6371	7574
6372	176
6373	5527
6374	7377
6375	6224
6376	4439
6377	2793
6378	2646
6379	2933
6380	791
6381	5817
6382	3501
6383	4034
6384	5688
6385	1183
6386	7575
6387	1902
6388	1000
6389	3542
6390	1313
6391	862
6392	5490
6393	7333
6394	3214
6395	969
6396	234
6397	2834
6398	3099
6399	195
6400	6302
6401	7578
6402	6357
6403	3851
6404	4333
6405	3394
6406	5785
6407	474
6408	371
6409	1584
6410	739
6411	5087
6412	5320
6413	7579
6414	6115
6415	2767
6416	1387
6417	1339
6418	6282
6419	2047
6420	6856
6421	3832
6422	7465
6423	2681
6424	510
6425	6848
6426	7532
6427	368
6428	922
6429	4655
6430	5447
6431	2490
6432	5958
6433	5012
6434	4553
6435	7544
6436	186
6437	1534
6438	125
6439	2946
6440	2777
6441	79
6442	745
6443	7439
6444	6291
6445	731
6446	145
6447	4661
6448	7580
6449	2847
6450	3527
6451	2893
6452	7206
6453	5220
6454	3636
6455	751
6456	7449
6457	7346
6458	381
6459	2553
6460	2350
6461	4703
6462	2803
6463	210
6464	7325
6465	3722
6466	3103
6467	2813
6468	4695
6469	6029
6470	1913
6471	3133
6472	7417
6473	5715
6474	3929
6475	310
6476	2130
6477	2032
6478	6
6479	2808
6480	1853
6481	4902
6482	7566
6483	1683
6484	5405
6485	7584
6486	907
6487	4975
6488	6820
6489	6026
6490	4524
6491	2062
6492	7581
6493	6220
6494	7276
6495	4186
6496	4156
6497	7161
6498	2010
6499	7166
6500	5792
6501	1886
6502	2173
6503	26
6504	458
6505	3216
6506	1430
6507	347
6508	5244
6509	3771
6510	7410
6511	1041
6512	1356
6513	7139
6514	1642
6515	1460
6516	7162
6517	7170
6518	7585
6519	546
6520	6986
6521	1755
6522	7582
6523	2920
6524	1213
6525	7576
6526	7297
6527	4722
6528	1473
6529	2954
6530	3925
6531	7589
6532	7561
6533	4880
6534	5437
6535	7557
6536	4029
6537	3252
6538	1337
6539	7523
6540	4745
6541	6310
6542	6028
6543	7007
6544	150
6545	7198
6546	772
6547	3307
6548	6744
6549	1409
6550	7546
6551	4429
6552	4036
6553	6239
6554	4407
6555	3854
6556	4098
6557	6146
6558	4275
6559	3535
6560	6457
6561	4738
6562	936
6563	7588
6564	605
6565	112
6566	875
6567	155
6568	3073
6569	7344
6570	7256
6571	1688
6572	409
6573	7592
6574	4343
6575	2911
6576	926
6577	938
6578	5938
6579	6828
6580	6945
6581	3006
6582	6544
6583	5549
6584	6215
6585	7213
6586	1230
6587	2146
6588	7304
6589	6528
6590	1180
6591	5191
6592	4226
6593	4191
6594	7305
6595	2267
6596	7306
6597	5049
6598	3751
6599	6473
6600	2937
6601	5587
6602	4551
6603	4517
6604	6872
6605	397
6606	7583
6607	6635
6608	4258
6609	5201
6610	7593
6611	4362
6612	5791
6613	1471
6614	3712
6615	5589
6616	2712
6617	2270
6618	3940
6619	3240
6620	7475
6621	549
6622	3060
6623	6312
6624	2312
6625	6416
6626	4599
6627	6283
6628	4743
6629	3984
6630	7501
6631	5632
6632	2842
6633	1748
6634	7355
6635	3292
6636	3120
6637	370
6638	1024
6639	660
6640	2781
6641	5392
6642	4440
6643	7596
6644	2880
6645	6869
6646	4649
6647	1820
6648	835
6649	1766
6650	7597
6651	6383
6652	247
6653	3610
6654	3364
6655	7586
6656	3736
6657	6839
6658	7524
6659	3694
6660	6712
6661	2302
6662	3750
6663	5919
6664	1011
6665	5485
6666	1722
6667	7570
6668	3760
6669	7560
6670	3728
6671	5461
6672	4309
6673	1611
6674	4741
6675	3423
6676	4690
6677	5542
6678	4290
6679	6882
6680	7409
6681	6623
6682	5128
6683	6541
6684	6377
6685	3637
6686	7600
6687	6181
6688	6431
6689	7036
6690	4289
6691	1788
6692	6657
6693	5327
6694	2520
6695	846
6696	1341
6697	1552
6698	5064
6699	3281
6700	6038
6701	7422
6702	6786
6703	203
6704	1235
6705	4989
6706	1643
6707	4674
6708	4489
6709	270
6710	4330
6711	6532
6712	118
6713	7266
6714	4445
6715	7484
6716	949
6717	1436
6718	490
6719	7407
6720	2561
6721	7071
6722	2075
6723	6849
6724	3808
6725	5094
6726	7415
6727	4493
6728	2623
6729	1351
6730	1684
6731	4814
6732	6303
6733	2305
6734	4378
6735	5172
6736	5544
6737	4038
6738	1025
6739	5432
6740	6877
6741	4196
6742	7154
6743	6682
6744	5795
6745	4755
6746	2748
6747	304
6748	4955
6749	7425
6750	2216
6751	7436
6752	536
6753	5849
6754	6718
6755	2908
6756	4601
6757	590
6758	6729
6759	2092
6760	5700
6761	3128
6762	6614
6763	4312
6764	3594
6765	3661
6766	5424
6767	1052
6768	1398
6769	1186
6770	2754
6771	4199
6772	1413
6773	6685
6774	6164
6775	2065
6776	4047
6777	6328
6778	7113
6779	6714
6780	6152
6781	5553
6782	836
6783	4631
6784	6053
6785	3558
6786	6226
6787	4529
6788	4152
6789	2101
6790	7602
6791	3803
6792	837
6793	7356
6794	2998
6795	4363
6796	3680
6797	1706
6798	6056
6799	2183
6800	1014
6801	6194
6802	4453
6803	2571
6804	6909
6805	4412
6806	5479
6807	5121
6808	6393
6809	1034
6810	775
6811	1390
6812	776
6813	2162
6814	6311
6815	5638
6816	185
6817	1784
6818	778
6819	6889
6820	2301
6821	5450
6822	2496
6823	4644
6824	3952
6825	5270
6826	6384
6827	6183
6828	5499
6829	1833
6830	5473
6831	5598
6832	3017
6833	6706
6834	5731
6835	3232
6836	2863
6837	4953
6838	671
6839	3056
6840	407
6841	2119
6842	5505
6843	6124
6844	7245
6845	1851
6846	2238
6847	5199
6848	2504
6849	7340
6850	7550
6851	4600
6852	4454
6853	6590
6854	6757
6855	3580
6856	1447
6857	983
6858	4012
6859	279
6860	668
6861	6914
6862	2677
6863	5472
6864	6961
6865	4500
6866	2678
6867	6583
6868	7353
6869	7607
6870	345
6871	7265
6872	3315
6873	1046
6874	6562
6875	7487
6876	383
6877	5723
6878	4486
6879	7370
6880	6432
6881	2338
6882	4905
6883	5136
6884	689
6885	2980
6886	4732
6887	308
6888	895
6889	4715
6890	6206
6891	1270
6892	7173
6893	6399
6894	3163
6895	6509
6896	3595
6897	3303
6898	2340
6899	2964
6900	5694
6901	5016
6902	1925
6903	5240
6904	6942
6905	904
6906	3576
6907	4480
6908	2733
6909	5954
6910	7348
6911	1403
6912	1866
6913	3806
6914	3223
6915	7610
6916	2127
6917	6178
6918	2019
6919	1106
6920	6999
6921	649
6922	7508
6923	7271
6924	5151
6925	3479
6926	7567
6927	6659
6928	5390
6929	4571
6930	5486
6931	66
6932	595
6933	6105
6934	7400
6935	6797
6936	1203
6937	6071
6938	3894
6939	7559
6940	36
6941	1221
6942	3963
6943	6526
6944	5403
6945	5997
6946	1051
6947	7604
6948	7612
6949	4859
6950	4678
6951	6742
6952	1775
6953	1549
6954	3316
6955	811
6956	7591
6957	4779
6958	748
6959	2687
6960	1709
6961	7512
6962	7282
6963	6205
6964	2308
6965	1202
6966	6467
6967	4850
6968	513
6969	2956
6970	1489
6971	6411
6972	489
6973	763
6974	5622
6975	6851
6976	4250
6977	4073
6978	3669
6979	6449
6980	7072
6981	7209
6982	7572
6983	4002
6984	6671
6985	1285
6986	7590
6987	3805
6988	4705
6989	3658
6990	4003
6991	382
6992	7274
6993	2693
6994	5292
6995	7466
6996	7097
6997	4976
6998	1425
6999	721
7000	7564
7001	582
7002	5918
7003	7558
7004	2988
7005	7615
7006	6049
7007	7510
7008	2243
7009	1526
7010	644
7011	4410
7012	3835
7013	4005
7014	3976
7015	1846
7016	7323
7017	5706
7018	7428
7019	3012
7020	6688
7021	1377
7022	5402
7023	3882
7024	1125
7025	7019
7026	6322
7027	7530
7028	2277
7029	1019
7030	1811
7031	2906
7032	3497
7033	6709
7034	7499
7035	305
7036	4421
7037	3577
7038	5619
7039	4286
7040	7092
7041	1991
7042	343
7043	3556
7044	4942
7045	704
7046	1845
7047	3972
7048	1970
7049	6812
7050	2638
7051	7464
7052	2229
7053	6699
7054	1338
7055	7538
7056	6091
7057	7087
7058	3675
7059	764
7060	5728
7061	870
7062	7040
7063	3849
7064	1572
7065	3766
7066	2397
7067	5930
7068	3997
7069	1883
7070	5001
7071	4175
7072	3855
7073	3671
7074	287
7075	250
7076	2280
7077	7216
7078	2392
7079	524
7080	2559
7081	4734
7082	2703
7083	1958
7084	1397
7085	6641
7086	3537
7087	6679
7088	1249
7089	27
7090	3386
7091	4037
7092	7013
7093	6611
7094	5070
7095	7211
7096	5531
7097	498
7098	1889
7099	5056
7100	1622
7101	4660
7102	6065
7103	7401
7104	7438
7105	2934
7106	4911
7107	5669
7108	7118
7109	6407
7110	2630
7111	7261
7112	7227
7113	6360
7114	6734
7115	7228
7116	7150
7117	1963
7118	1176
7119	3009
7120	7480
7121	5579
7122	1241
7123	1194
7124	7609
7125	6749
7126	1062
7127	2210
7128	18
7129	2323
7130	4951
7131	3993
7132	2868
7133	1697
7134	7611
7135	405
7136	7190
7137	4878
7138	6947
7139	6997
7140	7614
7141	788
7142	6476
7143	1774
7144	2715
7145	5429
7146	9
7147	3025
7148	5493
7149	2332
7150	7553
7151	6506
7152	7476
7153	5256
7154	7329
7155	1689
7156	2593
7157	7252
7158	5575
7159	2647
7160	2085
7161	6217
7162	1167
7163	4249
7164	6982
7165	526
7166	7254
7167	6732
7168	6017
7169	6081
7170	5148
7171	1867
7172	3561
7173	3794
7174	7351
7175	4594
7176	5695
7177	6012
7178	3217
7179	851
7180	7577
7181	7130
7182	2402
7183	6719
7184	2804
7185	179
7186	2797
7187	3863
7188	5673
7189	5415
7190	1027
7191	1657
7192	4719
7193	5651
7194	6959
7195	5457
7196	7616
7197	7301
7198	6340
7199	945
7200	4988
7201	7534
7202	2212
7203	6826
7204	3079
7205	3816
7206	4541
7207	3621
7208	6182
7209	6568
7210	7093
7211	6603
7212	3082
7213	389
7214	440
7215	3978
7216	4212
7217	7226
7218	7181
7219	4969
7220	6805
7221	6101
7222	7462
7223	5395
7224	237
7225	2970
7226	346
7227	2137
7228	2882
7229	5909
7230	5790
7231	6554
7232	1458
7233	3169
7234	3065
7235	4310
7236	7124
7237	170
7238	2353
7239	7526
7240	5354
7241	7296
7242	3551
7243	6155
7244	3057
7245	3030
7246	5869
7247	7571
7248	1295
7249	7587
7250	5668
7251	4268
7252	2118
7253	5778
7254	3291
7255	4446
7256	2752
7257	2658
7258	6264
7259	4615
7260	885
7261	6863
7262	3920
7263	6886
7264	7426
7265	7167
7266	4952
7267	5823
7268	4602
7269	7515
7270	3035
7271	7267
7272	2422
7273	3571
7274	1013
7275	3062
7276	7620
7277	7621
7278	7492
7279	53
7280	917
7281	1908
7282	3337
7283	6240
7284	1002
7285	5045
7286	5177
7287	244
7288	6704
7289	5608
7290	7514
7291	5052
7292	7474
7293	3111
7294	2756
7295	3241
7296	133
7297	4033
7298	5989
7299	6840
7300	3224
7301	1331
7302	4809
7303	1578
7304	2454
7305	4707
7306	2359
7307	7528
7308	5477
7309	6120
7310	7423
7311	6792
7312	4668
7313	5498
7314	5195
7315	102
7316	7244
7317	218
7318	7251
7319	5545
7320	3050
7321	5351
7322	6488
7323	6745
7324	7601
7325	7345
7326	4166
7327	1897
7328	2395
7329	1185
7330	7332
7331	4371
7332	2150
7333	4534
7334	2139
7335	2398
7336	1050
7337	3622
7338	1480
7339	2741
7340	52
7341	5872
7342	1468
7343	7603
7344	2537
7345	6767
7346	3517
7347	7448
7348	6351
7349	442
7350	626
7351	1504
7352	619
7353	3200
7354	2674
7355	5274
7356	5854
7357	1618
7358	4886
7359	3729
7360	2675
7361	4490
7362	3961
7363	3590
7364	2557
7365	3250
7366	5284
7367	1094
7368	2507
7369	4017
7370	5611
7371	7408
7372	7288
7373	1288
7374	4044
7375	2739
7376	5483
7377	6794
7378	4301
7379	2532
7380	3344
7381	3629
7382	4912
7383	3300
7384	7573
7385	826
7386	6257
7387	6943
7388	4054
7389	7395
7390	6620
7391	1757
7392	6753
7393	7608
7394	7459
7395	2412
7396	6381
7397	2925
7398	2463
7399	7549
7400	3892
7401	2508
7402	2447
7403	1095
7404	4986
7405	2142
7406	3639
7407	7618
7408	5080
7409	3310
7410	2474
7411	450
7412	7003
7413	5007
7414	2421
7415	1177
7416	1093
7417	1358
7418	7369
7419	3320
7420	7622
7421	3723
7422	7617
7423	3048
7424	6096
7425	4218
7426	7140
7427	4857
7428	4556
7429	7594
7430	3852
7431	3474
7432	7002
7433	7605
7434	5998
7435	140
7436	7120
7437	1920
7438	5950
7439	1895
7440	1574
7441	6061
7442	3034
7443	6495
7444	5593
7445	7286
7446	7292
7447	4872
7448	3893
7449	7378
7450	2222
7451	7273
7452	2683
7453	2876
7454	6213
7455	6922
7456	7312
7457	821
7458	5300
7459	4751
7460	1546
7461	6913
7462	2981
7463	3866
7464	4607
7465	2029
7466	7519
7467	6977
7468	2331
7469	5038
7470	5082
7471	3633
7472	4606
7473	4141
7474	5751
7475	6279
7476	4645
7477	2479
7478	5932
7479	5541
7480	3155
7481	5253
7482	1293
7483	1561
7484	1733
7485	6897
7486	7056
7487	5142
7488	818
7489	366
7490	4265
7491	5576
7492	5097
7493	6819
7494	6114
7495	4636
7496	3886
7497	1717
7498	1193
7499	4140
7500	2960
7501	2113
7502	3023
7503	4292
7504	5010
7505	7623
7506	6299
7507	666
7508	6524
7509	4182
7510	7563
7511	2534
7512	7047
7513	5169
7514	7275
7515	6763
7516	5152
7517	1732
7518	6808
7519	6459
7520	7454
7521	2258
7522	5743
7523	7177
7524	7613
7525	6119
7526	6677
7527	4889
7528	3196
7529	6464
7530	7606
7531	1209
7532	1735
7533	762
7534	1140
7535	1959
7536	537
7537	352
7538	3247
7539	5992
7540	2696
7541	4504
7542	703
7543	5342
7544	7155
7545	4697
7546	4364
7547	2111
7548	865
7549	3648
7550	5261
7551	1359
7552	609
7553	4798
7554	3100
7555	479
7556	6452
7557	3124
7558	2621
7559	3208
7560	769
7561	5243
7562	5765
7563	3381
7564	6208
7565	320
7566	6814
7567	3681
7568	1771
7569	2824
7570	7352
7571	5994
7572	4753
7573	4448
7574	728
7575	2103
7576	7205
7577	7447
7578	7565
7579	246
7580	129
7581	4015
7582	4744
7583	1152
7584	4206
7585	2819
7586	2951
7587	1120
7588	3028
7589	64
7590	7595
7591	5105
7592	1465
7593	7230
7594	7619
7595	2289
7596	6852
7597	2486
7598	4426
7599	7455
7600	2629
7601	2345
7602	2083
7603	7302
7604	2475
7605	4833
7606	3837
7607	2276
7608	1196
7609	7599
7610	3530
7611	6687
7612	5434
7613	7365
7614	197
7615	935
7616	7311
7617	7598
7618	2095
7619	6007
7620	1881
7621	2816
7622	7453
7623	2932
