2971,1
19351,2
15255,3
10171,4
26099,5
26578,6
15461,7
22427,8
2759,9
19971,10
5404,11
1198,12
18134,13
13727,14
22861,15
11505,16
26147,17
11563,18
17725,19
23238,20
24314,21
1962,22
1621,23
22360,24
6466,25
12976,26
6673,27
5185,28
1379,29
12700,30
24689,31
23081,32
27779,33
1721,34
8397,35
6235,36
18116,37
19644,38
677,39
16374,40
17587,41
9066,42
15360,43
22150,44
27670,45
18837,46
9065,47
13319,48
15964,49
26371,50
16731,51
14331,52
19303,53
26223,54
24624,55
23837,56
10219,57
19498,58
8703,59
8445,60
977,61
11077,62
20439,63
11392,64
27302,65
21437,66
8325,67
5066,68
21843,69
3063,70
27786,71
16702,72
15267,73
2169,74
101,75
7874,76
5795,77
5916,78
16102,79
22576,80
25277,81
299,82
1895,83
9213,84
8346,85
25014,86
19377,87
1007,88
16919,89
6946,90
26460,91
2179,92
14544,93
22563,94
24641,95
6621,96
6854,97
16911,98
27791,99
11968,100
15314,101
10355,102
7161,103
20717,104
8691,105
1760,106
11835,107
7135,108
22167,109
24310,110
3405,111
7861,112
25333,113
11294,114
25355,115
3245,116
20792,117
10006,118
8557,119
14382,120
467,121
5124,122
21755,123
11022,124
10084,125
16859,126
20633,127
6061,128
4337,129
23997,130
26707,131
16358,132
2003,133
21113,134
4080,135
11235,136
18284,137
10636,138
4560,139
19660,140
3670,141
11632,142
25386,143
2432,144
24167,145
14864,146
1316,147
2141,148
10048,149
6245,150
13835,151
13269,152
27304,153
23258,154
6845,155
27256,156
14705,157
7003,158
25541,159
21022,160
10007,161
22976,162
14808,163
25128,164
25293,165
20879,166
5117,167
22104,168
14357,169
26617,170
14938,171
10388,172
21731,173
1360,174
20429,175
11598,176
3733,177
14306,178
20744,179
17106,180
24461,181
18185,182
6490,183
2098,184
21498,185
6467,186
20238,187
14638,188
2224,189
24082,190
7869,191
1585,192
4398,193
14942,194
22253,195
19563,196
23067,197
12359,198
25158,199
16042,200
5439,201
16397,202
16449,203
14103,204
2665,205
3708,206
23903,207
10459,208
3032,209
15442,210
5665,211
11319,212
23674,213
2665,214
3991,215
19049,216
9487,217
21638,218
26032,219
2597,220
10178,221
15493,222
6674,223
18561,224
3217,225
21722,226
21550,227
2606,228
22922,229
5781,230
26726,231
19668,232
22333,233
7569,234
2945,235
24556,236
1093,237
4680,238
26672,239
4222,240
13532,241
16110,242
9951,243
20193,244
7796,245
15682,246
6706,247
10409,248
10297,249
5348,250
14849,251
20550,252
13528,253
393,254
7452,255
7511,256
25760,257
9322,258
23277,259
25287,260
10659,261
16212,262
13089,263
15244,264
25720,265
20766,266
23545,267
1776,268
7609,269
27678,270
7374,271
12040,272
20586,273
2604,274
26555,275
541,276
14500,277
4628,278
24969,279
17746,280
16118,281
19253,282
492,283
11360,284
27766,285
9668,286
19603,287
20221,288
14669,289
12981,290
11918,291
25450,292
366,293
12203,294
17105,295
6195,296
15335,297
8754,298
2029,299
25351,300
13647,301
7429,302
27275,303
2199,304
23981,305
8684,306
24137,307
20350,308
11843,309
24583,310
1884,311
10557,312
7656,313
11918,314
23559,315
2001,316
24324,317
5036,318
21824,319
10426,320
12902,321
18907,322
27675,323
7108,324
237,325
10427,326
13594,327
6167,328
7086,329
24927,330
8083,331
9772,332
27698,333
4528,334
26205,335
1081,336
9840,337
14698,338
18459,339
10621,340
20488,341
16644,342
21135,343
3929,344
4227,345
4685,346
22975,347
3114,348
19782,349
27558,350
25680,351
15770,352
13971,353
19811,354
4985,355
4299,356
13135,357
10423,358
5493,359
7228,360
17105,361
9463,362
7183,363
10652,364
15051,365
9847,366
14723,367
14453,368
12880,369
20487,370
11690,371
24667,372
20429,373
10314,374
21245,375
16314,376
9586,377
6439,378
20343,379
26740,380
5183,381
19418,382
7092,383
13051,384
13783,385
21777,386
7268,387
24092,388
16312,389
19717,390
5753,391
10636,392
24964,393
27333,394
6708,395
9579,396
11326,397
6148,398
22994,399
11303,400
18799,401
14026,402
22089,403
3850,404
3698,405
26965,406
17284,407
6448,408
20315,409
18739,410
5379,411
27583,412
21330,413
14144,414
11615,415
2856,416
13817,417
2471,418
23730,419
24346,420
3688,421
2470,422
26171,423
8944,424
27240,425
12753,426
14373,427
11798,428
20509,429
8842,430
990,431
25862,432
12632,433
2622,434
9410,435
22975,436
6217,437
18063,438
23677,439
11865,440
13366,441
20096,442
22943,443
18064,444
18591,445
102,446
16410,447
17738,448
3446,449
15331,450
23374,451
9645,452
7276,453
1921,454
17575,455
2860,456
14634,457
21094,458
3599,459
11797,460
3358,461
2473,462
3713,463
16317,464
6261,465
23260,466
1903,467
14323,468
7570,469
4982,470
11757,471
16306,472
23957,473
12814,474
16765,475
23489,476
1710,477
13391,478
21623,479
26115,480
4822,481
22650,482
15963,483
22964,484
14330,485
19519,486
11590,487
25064,488
11634,489
15039,490
24882,491
21472,492
11792,493
23190,494
21887,495
8545,496
17263,497
20872,498
7819,499
26944,500
4564,501
3332,502
13303,503
18713,504
7990,505
21168,506
13796,507
16365,508
14743,509
15240,510
9677,511
9958,512
13493,513
13672,514
8704,515
5254,516
2679,517
12236,518
19114,519
4138,520
11922,521
19177,522
18230,523
21819,524
24355,525
25712,526
14245,527
24337,528
26900,529
11614,530
17283,531
20207,532
8326,533
9837,534
8589,535
25766,536
17273,537
13124,538
9643,539
24497,540
21704,541
26615,542
22745,543
21627,544
1574,545
18410,546
25507,547
23454,548
10808,549
8056,550
19156,551
24730,552
4140,553
3482,554
21849,555
4993,556
11099,557
7510,558
2377,559
16584,560
676,561
2842,562
11121,563
25770,564
20543,565
23979,566
16015,567
23557,568
20219,569
23640,570
27795,571
23596,572
16631,573
19516,574
24723,575
25206,576
11300,577
17200,578
21958,579
4951,580
20255,581
5965,582
10237,583
10745,584
4614,585
23998,586
26297,587
23325,588
5396,589
902,590
5698,591
6056,592
27067,593
3459,594
4437,595
10646,596
16648,597
20983,598
21862,599
11836,600
7563,601
6872,602
18960,603
3671,604
1561,605
9874,606
20411,607
22855,608
5266,609
24031,610
1899,611
7304,612
11792,613
21922,614
13134,615
27219,616
13602,617
9001,618
2421,619
22836,620
15887,621
16492,622
11171,623
2676,624
18311,625
13408,626
13738,627
25273,628
19388,629
15160,630
408,631
17394,632
21603,633
1184,634
17608,635
14563,636
27068,637
18370,638
14810,639
21272,640
1685,641
10005,642
1918,643
22216,644
751,645
2751,646
24963,647
5221,648
6314,649
24809,650
19675,651
17381,652
973,653
21366,654
5591,655
17173,656
2067,657
20111,658
3186,659
24867,660
12497,661
18995,662
24428,663
3182,664
25559,665
23061,666
27410,667
23800,668
17312,669
10391,670
7174,671
5108,672
21949,673
567,674
27186,675
8909,676
23697,677
25053,678
8018,679
2016,680
14287,681
20240,682
9899,683
19483,684
17116,685
7652,686
14823,687
24068,688
2947,689
1863,690
4657,691
3588,692
353,693
9170,694
21150,695
6818,696
2341,697
23577,698
24850,699
3835,700
19125,701
9785,702
19821,703
758,704
17346,705
12869,706
22048,707
17862,708
20815,709
547,710
24590,711
23285,712
19081,713
22901,714
10762,715
5931,716
12594,717
12430,718
10966,719
15038,720
14407,721
21601,722
22284,723
24443,724
18978,725
10770,726
7875,727
8003,728
4638,729
18660,730
25397,731
26250,732
13149,733
24917,734
22669,735
8059,736
25164,737
71,738
14400,739
15641,740
3323,741
107,742
17264,743
19138,744
19752,745
8774,746
26865,747
1551,748
17503,749
5555,750
21100,751
3604,752
5400,753
21749,754
27385,755
5873,756
14957,757
21610,758
878,759
25314,760
17337,761
3846,762
17602,763
1426,764
9995,765
9485,766
3762,767
22376,768
25889,769
25051,770
16773,771
22547,772
5379,773
817,774
13257,775
26098,776
23869,777
1190,778
9021,779
3092,780
7032,781
6880,782
20547,783
8985,784
17401,785
15304,786
15950,787
15814,788
9365,789
26918,790
14669,791
25328,792
21520,793
15031,794
15374,795
9092,796
14313,797
24932,798
18927,799
8010,800
1996,801
23966,802
17771,803
6952,804
15133,805
1462,806
2027,807
10181,808
17668,809
9918,810
7327,811
21288,812
21954,813
15796,814
27717,815
19078,816
18124,817
5811,818
17461,819
16578,820
18399,821
20982,822
12606,823
5522,824
9806,825
1520,826
5973,827
24095,828
23627,829
20521,830
25948,831
17601,832
3686,833
21676,834
8280,835
9048,836
23966,837
5932,838
14488,839
22784,840
26582,841
5026,842
25318,843
18647,844
17991,845
3323,846
11273,847
16015,848
12448,849
25517,850
27252,851
5974,852
8762,853
7933,854
3476,855
703,856
8648,857
11902,858
16190,859
10595,860
6314,861
9649,862
3746,863
12608,864
26937,865
20431,866
14622,867
21281,868
27050,869
13584,870
14528,871
2058,872
15880,873
8895,874
20099,875
21028,876
208,877
22390,878
26683,879
8664,880
21267,881
13637,882
1436,883
26352,884
26834,885
9490,886
6009,887
12986,888
24158,889
25389,890
18638,891
23219,892
25558,893
2857,894
22895,895
24416,896
9733,897
6746,898
27437,899
14776,900
3074,901
16557,902
19924,903
26114,904
20711,905
562,906
20661,907
13723,908
25320,909
19190,910
26064,911
16476,912
11669,913
7439,914
25607,915
13761,916
1129,917
24033,918
20336,919
4318,920
22691,921
12566,922
11826,923
9295,924
8789,925
3405,926
17234,927
16529,928
2070,929
20829,930
20939,931
514,932
12125,933
4031,934
7765,935
17075,936
5037,937
21647,938
2886,939
11325,940
16307,941
12972,942
8642,943
4664,944
919,945
6608,946
17806,947
15535,948
24397,949
20442,950
6406,951
7193,952
1804,953
3084,954
23772,955
7319,956
24573,957
9797,958
7311,959
3966,960
9257,961
10526,962
6920,963
14044,964
22480,965
1247,966
21470,967
8190,968
5578,969
11171,970
21766,971
23319,972
1074,973
4716,974
11329,975
20978,976
541,977
11399,978
22354,979
25548,980
3145,981
22300,982
8372,983
19859,984
12541,985
21277,986
11344,987
18713,988
10334,989
25255,990
24929,991
12774,992
8990,993
25873,994
12298,995
23730,996
22394,997
4260,998
6688,999
811,1000
4648,1001
8812,1002
16889,1003
26637,1004
24392,1005
3996,1006
22835,1007
5768,1008
22973,1009
12126,1010
10131,1011
21064,1012
9256,1013
4412,1014
7886,1015
19707,1016
21849,1017
924,1018
16804,1019
25547,1020
7541,1021
18539,1022
16824,1023
18689,1024
3190,1025
3524,1026
7999,1027
12782,1028
27625,1029
5054,1030
15642,1031
22967,1032
4586,1033
3620,1034
14177,1035
760,1036
11172,1037
7166,1038
15952,1039
26071,1040
11756,1041
13413,1042
19485,1043
6535,1044
26836,1045
18715,1046
6773,1047
11415,1048
4387,1049
12833,1050
25434,1051
15231,1052
14555,1053
2937,1054
5560,1055
3965,1056
21185,1057
3020,1058
11626,1059
12630,1060
12487,1061
23610,1062
1321,1063
244,1064
25718,1065
12146,1066
889,1067
25400,1068
25983,1069
10323,1070
14601,1071
16162,1072
1115,1073
9782,1074
26021,1075
8741,1076
11862,1077
21281,1078
5455,1079
26433,1080
13475,1081
26664,1082
24766,1083
12144,1084
13272,1085
10987,1086
7108,1087
21166,1088
18607,1089
5109,1090
2441,1091
4219,1092
14696,1093
7898,1094
7915,1095
22903,1096
49,1097
24487,1098
2225,1099
23639,1100
11201,1101
1394,1102
992,1103
25545,1104
4441,1105
23802,1106
13992,1107
23270,1108
14413,1109
12133,1110
16109,1111
18193,1112
8751,1113
13389,1114
15140,1115
5000,1116
2706,1117
20530,1118
11004,1119
13642,1120
5703,1121
22896,1122
10130,1123
20894,1124
24710,1125
18882,1126
6721,1127
8216,1128
5577,1129
12889,1130
25851,1131
12545,1132
4812,1133
14807,1134
24373,1135
1210,1136
20941,1137
12167,1138
26837,1139
23558,1140
1969,1141
15179,1142
27188,1143
14526,1144
24441,1145
26887,1146
27221,1147
20190,1148
11733,1149
26756,1150
23058,1151
4446,1152
15750,1153
25289,1154
15882,1155
7988,1156
21067,1157
5377,1158
17061,1159
9292,1160
7052,1161
2921,1162
13371,1163
27051,1164
3693,1165
26262,1166
10872,1167
21725,1168
21436,1169
1165,1170
2211,1171
4692,1172
23349,1173
9483,1174
2677,1175
26781,1176
10918,1177
14434,1178
7433,1179
7433,1180
7547,1181
9971,1182
3796,1183
14138,1184
24817,1185
6434,1186
27251,1187
23028,1188
12651,1189
2960,1190
11706,1191
2536,1192
20772,1193
12570,1194
21206,1195
22991,1196
676,1197
21301,1198
25179,1199
9973,1200
24531,1201
6657,1202
3264,1203
6352,1204
18110,1205
6521,1206
27350,1207
21495,1208
16881,1209
23431,1210
16216,1211
10445,1212
5718,1213
21538,1214
8498,1215
13344,1216
17503,1217
6491,1218
20946,1219
25807,1220
4518,1221
6155,1222
23888,1223
15745,1224
8278,1225
26088,1226
19133,1227
9531,1228
760,1229
15205,1230
10877,1231
8959,1232
12896,1233
16612,1234
11968,1235
3681,1236
22185,1237
23160,1238
14068,1239
10255,1240
17001,1241
25794,1242
16137,1243
10883,1244
20367,1245
26518,1246
505,1247
21299,1248
4019,1249
326,1250
3787,1251
9078,1252
26263,1253
14399,1254
11012,1255
12884,1256
27250,1257
2601,1258
1645,1259
21715,1260
16466,1261
24244,1262
10409,1263
19670,1264
23338,1265
8412,1266
7457,1267
27549,1268
19003,1269
5981,1270
1963,1271
7467,1272
24589,1273
27362,1274
630,1275
1684,1276
21285,1277
3519,1278
5164,1279
16703,1280
16413,1281
15603,1282
25011,1283
24972,1284
515,1285
1555,1286
3385,1287
8272,1288
66,1289
2893,1290
22847,1291
16546,1292
14536,1293
16063,1294
2731,1295
12725,1296
21377,1297
900,1298
23513,1299
13711,1300
19995,1301
12805,1302
16676,1303
22891,1304
16566,1305
17414,1306
18465,1307
11753,1308
9235,1309
23686,1310
20460,1311
22357,1312
521,1313
7581,1314
879,1315
23733,1316
7664,1317
3589,1318
9631,1319
20885,1320
17638,1321
17277,1322
15851,1323
26274,1324
8607,1325
6054,1326
25964,1327
2588,1328
5216,1329
2163,1330
18360,1331
20398,1332
13030,1333
11887,1334
20960,1335
5513,1336
4421,1337
8561,1338
10517,1339
26372,1340
14783,1341
2973,1342
18021,1343
2114,1344
20743,1345
18912,1346
18940,1347
5264,1348
1420,1349
18562,1350
12489,1351
7795,1352
10653,1353
22856,1354
8405,1355
12762,1356
19813,1357
21647,1358
1133,1359
17506,1360
5444,1361
19885,1362
1667,1363
7954,1364
1220,1365
21733,1366
11269,1367
16817,1368
888,1369
168,1370
14978,1371
25786,1372
20664,1373
17484,1374
6685,1375
15033,1376
26862,1377
12726,1378
9711,1379
10787,1380
4026,1381
24797,1382
27162,1383
27019,1384
11689,1385
19947,1386
11813,1387
6876,1388
16528,1389
17940,1390
7763,1391
20793,1392
8273,1393
23020,1394
1660,1395
14719,1396
20867,1397
7615,1398
10077,1399
21723,1400
21387,1401
4342,1402
18031,1403
2936,1404
2322,1405
14038,1406
19605,1407
15012,1408
17110,1409
18530,1410
9231,1411
10243,1412
2554,1413
5993,1414
27594,1415
18029,1416
7203,1417
19827,1418
206,1419
4560,1420
94,1421
22736,1422
10293,1423
5892,1424
24750,1425
21666,1426
11389,1427
6186,1428
27334,1429
7485,1430
9526,1431
20150,1432
8998,1433
23255,1434
6125,1435
15946,1436
3213,1437
384,1438
24881,1439
18838,1440
13540,1441
7002,1442
11473,1443
19074,1444
18991,1445
11106,1446
18731,1447
6304,1448
18909,1449
11635,1450
8008,1451
8901,1452
14078,1453
10458,1454
8542,1455
14980,1456
94,1457
14836,1458
25355,1459
9168,1460
10315,1461
14590,1462
5456,1463
18693,1464
16639,1465
5621,1466
25194,1467
25119,1468
22409,1469
19919,1470
9984,1471
3142,1472
16539,1473
21983,1474
22362,1475
27327,1476
20439,1477
26529,1478
4503,1479
8972,1480
25277,1481
19639,1482
11890,1483
23530,1484
21454,1485
5476,1486
476,1487
25488,1488
8033,1489
810,1490
27483,1491
2668,1492
4834,1493
6060,1494
10573,1495
9256,1496
6908,1497
4753,1498
24390,1499
14939,1500
20385,1501
22137,1502
17518,1503
2942,1504
21909,1505
13565,1506
9505,1507
19123,1508
3106,1509
22067,1510
18373,1511
3009,1512
1201,1513
620,1514
14327,1515
25167,1516
11186,1517
25545,1518
7548,1519
10412,1520
7210,1521
22240,1522
13848,1523
10337,1524
25774,1525
6265,1526
18958,1527
10241,1528
20364,1529
9919,1530
12622,1531
11802,1532
15167,1533
18085,1534
21098,1535
22494,1536
17094,1537
11794,1538
25719,1539
26885,1540
27629,1541
3860,1542
21808,1543
11619,1544
20242,1545
26270,1546
22879,1547
26540,1548
533,1549
4384,1550
23564,1551
5571,1552
21617,1553
23555,1554
22357,1555
5246,1556
9359,1557
18084,1558
5334,1559
3470,1560
17076,1561
7074,1562
27415,1563
25282,1564
18611,1565
20327,1566
2820,1567
8705,1568
12163,1569
1463,1570
5838,1571
25679,1572
11104,1573
18643,1574
4341,1575
2921,1576
2331,1577
27640,1578
8615,1579
7224,1580
16503,1581
27080,1582
26114,1583
16989,1584
22124,1585
21199,1586
2542,1587
16246,1588
11844,1589
16739,1590
14701,1591
17090,1592
3193,1593
18760,1594
27294,1595
24157,1596
7417,1597
17662,1598
9881,1599
26150,1600
22131,1601
26299,1602
15360,1603
1345,1604
26569,1605
25937,1606
7171,1607
18035,1608
24554,1609
19245,1610
10525,1611
18261,1612
841,1613
16321,1614
22765,1615
18637,1616
9599,1617
2750,1618
25981,1619
18841,1620
25871,1621
6200,1622
8674,1623
20778,1624
25432,1625
11909,1626
13570,1627
2797,1628
12341,1629
12408,1630
23502,1631
21935,1632
623,1633
22054,1634
5543,1635
25581,1636
25512,1637
27434,1638
14677,1639
254,1640
27149,1641
24255,1642
24430,1643
15684,1644
30,1645
9500,1646
20779,1647
12744,1648
21557,1649
27632,1650
3157,1651
27640,1652
26220,1653
26920,1654
24629,1655
22554,1656
5677,1657
7254,1658
20055,1659
26702,1660
19701,1661
9021,1662
1640,1663
14614,1664
2933,1665
18006,1666
20352,1667
4298,1668
12233,1669
8700,1670
19729,1671
20454,1672
26969,1673
6634,1674
10069,1675
6847,1676
758,1677
25693,1678
3792,1679
13639,1680
6738,1681
1118,1682
19008,1683
1135,1684
22521,1685
3691,1686
8139,1687
5693,1688
27434,1689
1038,1690
26295,1691
6933,1692
18871,1693
9676,1694
12077,1695
11992,1696
22367,1697
11762,1698
21067,1699
16865,1700
2701,1701
26854,1702
12526,1703
8944,1704
4222,1705
4879,1706
16363,1707
9068,1708
22599,1709
22995,1710
26660,1711
10743,1712
12500,1713
11385,1714
8074,1715
3670,1716
7682,1717
17538,1718
13829,1719
11637,1720
17499,1721
4909,1722
16801,1723
9808,1724
1114,1725
16784,1726
10974,1727
19298,1728
371,1729
17827,1730
23709,1731
22757,1732
18175,1733
27140,1734
4189,1735
22581,1736
18605,1737
22449,1738
7761,1739
15230,1740
22998,1741
1844,1742
11398,1743
21925,1744
17677,1745
6200,1746
20536,1747
12896,1748
24505,1749
644,1750
23908,1751
7391,1752
18507,1753
9337,1754
19414,1755
17425,1756
20978,1757
14669,1758
17659,1759
26506,1760
10448,1761
11917,1762
20975,1763
20057,1764
2358,1765
128,1766
1705,1767
18333,1768
26533,1769
8567,1770
3408,1771
21935,1772
3857,1773
4071,1774
22767,1775
14778,1776
22659,1777
4849,1778
22486,1779
12224,1780
16794,1781
22146,1782
23901,1783
10141,1784
23533,1785
9607,1786
11597,1787
1007,1788
14388,1789
13797,1790
18319,1791
2599,1792
4128,1793
21244,1794
22340,1795
16265,1796
23555,1797
6825,1798
17614,1799
23076,1800
11180,1801
12811,1802
813,1803
9005,1804
13834,1805
7675,1806
22501,1807
1695,1808
7378,1809
11168,1810
9036,1811
6826,1812
21091,1813
24765,1814
1915,1815
24169,1816
12291,1817
10947,1818
514,1819
1198,1820
12976,1821
18551,1822
15657,1823
8025,1824
8787,1825
27117,1826
17704,1827
6056,1828
11093,1829
16108,1830
3242,1831
4469,1832
8248,1833
12983,1834
17697,1835
9347,1836
18581,1837
23194,1838
19769,1839
2850,1840
7478,1841
16935,1842
13131,1843
18770,1844
3891,1845
13287,1846
10470,1847
12536,1848
22087,1849
12805,1850
26637,1851
20666,1852
3882,1853
1944,1854
2096,1855
8220,1856
26554,1857
13514,1858
3591,1859
11608,1860
26996,1861
27161,1862
11325,1863
26854,1864
27463,1865
181,1866
1752,1867
18942,1868
370,1869
2389,1870
6140,1871
16141,1872
2793,1873
12215,1874
10112,1875
5695,1876
11667,1877
27544,1878
12835,1879
14739,1880
3277,1881
82,1882
7480,1883
7082,1884
18959,1885
26321,1886
23346,1887
27767,1888
23582,1889
22621,1890
16304,1891
18650,1892
16301,1893
4220,1894
4110,1895
24813,1896
8830,1897
15217,1898
25426,1899
24998,1900
9058,1901
4124,1902
8724,1903
21887,1904
7415,1905
2660,1906
23858,1907
8880,1908
21979,1909
11118,1910
14369,1911
21069,1912
15348,1913
24729,1914
5360,1915
9875,1916
8475,1917
9536,1918
26475,1919
5634,1920
9693,1921
22667,1922
5200,1923
2886,1924
9223,1925
12919,1926
2079,1927
769,1928
8290,1929
25141,1930
14949,1931
13258,1932
25373,1933
5728,1934
11235,1935
22286,1936
27691,1937
5950,1938
17433,1939
2409,1940
23994,1941
20682,1942
6178,1943
20755,1944
12862,1945
16234,1946
1617,1947
10276,1948
27638,1949
26391,1950
20798,1951
18847,1952
13749,1953
5164,1954
18776,1955
18978,1956
24404,1957
2103,1958
17179,1959
7093,1960
1035,1961
1369,1962
14620,1963
10062,1964
25777,1965
27173,1966
21035,1967
4398,1968
27162,1969
27381,1970
13140,1971
27331,1972
22526,1973
25185,1974
26947,1975
1447,1976
27630,1977
16159,1978
11440,1979
8569,1980
12978,1981
5292,1982
23270,1983
12602,1984
10364,1985
5681,1986
8422,1987
18423,1988
6919,1989
9688,1990
20803,1991
23937,1992
25459,1993
4754,1994
13164,1995
20135,1996
26492,1997
11944,1998
4098,1999
21315,2000
9684,2001
14598,2002
24876,2003
26923,2004
21229,2005
17871,2006
9271,2007
11266,2008
24176,2009
2530,2010
11023,2011
7058,2012
10581,2013
15791,2014
10831,2015
10029,2016
20397,2017
20345,2018
613,2019
8051,2020
23490,2021
13984,2022
2148,2023
10853,2024
379,2025
27361,2026
27279,2027
26941,2028
23234,2029
20734,2030
21573,2031
2214,2032
26083,2033
13926,2034
25251,2035
22564,2036
12741,2037
24012,2038
22226,2039
5353,2040
12394,2041
27048,2042
10683,2043
27803,2044
21989,2045
6951,2046
18732,2047
23052,2048
23767,2049
12708,2050
25787,2051
20837,2052
19752,2053
14432,2054
5714,2055
20978,2056
21915,2057
8023,2058
25309,2059
27792,2060
21339,2061
14996,2062
11809,2063
14261,2064
20920,2065
27778,2066
3071,2067
18506,2068
3586,2069
4380,2070
20380,2071
5239,2072
332,2073
25578,2074
23715,2075
26080,2076
23885,2077
25367,2078
23361,2079
25795,2080
18236,2081
10991,2082
26372,2083
10240,2084
1563,2085
8058,2086
8918,2087
16301,2088
27780,2089
21690,2090
24697,2091
20301,2092
17206,2093
8927,2094
24244,2095
3149,2096
19884,2097
18054,2098
27777,2099
24819,2100
18215,2101
15914,2102
16853,2103
14911,2104
9530,2105
24879,2106
14397,2107
5430,2108
22536,2109
23055,2110
26671,2111
18375,2112
1733,2113
17631,2114
22027,2115
1755,2116
815,2117
689,2118
1305,2119
23560,2120
24642,2121
3026,2122
1757,2123
23588,2124
14515,2125
5951,2126
15332,2127
13296,2128
18271,2129
27707,2130
14967,2131
3870,2132
26591,2133
17868,2134
13059,2135
27246,2136
13897,2137
22604,2138
19772,2139
639,2140
3970,2141
5950,2142
8519,2143
14220,2144
17244,2145
9198,2146
3759,2147
1155,2148
20397,2149
25118,2150
15097,2151
19021,2152
16575,2153
5267,2154
3028,2155
23017,2156
19581,2157
25576,2158
12916,2159
25705,2160
15441,2161
3400,2162
27184,2163
18396,2164
17746,2165
18580,2166
18837,2167
9592,2168
24571,2169
13289,2170
326,2171
12045,2172
2318,2173
22537,2174
24995,2175
6530,2176
10001,2177
26685,2178
1842,2179
20916,2180
13904,2181
27190,2182
23662,2183
14862,2184
23877,2185
21143,2186
13335,2187
5316,2188
15856,2189
25979,2190
9478,2191
25225,2192
615,2193
14395,2194
25535,2195
25051,2196
24682,2197
6745,2198
23905,2199
7529,2200
14886,2201
21292,2202
3490,2203
2419,2204
8281,2205
20390,2206
7831,2207
25113,2208
25305,2209
22492,2210
21649,2211
2361,2212
11341,2213
9101,2214
13770,2215
13467,2216
25417,2217
5390,2218
25438,2219
628,2220
996,2221
374,2222
1378,2223
19152,2224
1239,2225
5698,2226
17549,2227
8571,2228
17197,2229
861,2230
4084,2231
5317,2232
19138,2233
1651,2234
408,2235
12019,2236
23569,2237
15533,2238
15663,2239
5528,2240
24014,2241
20232,2242
14243,2243
22825,2244
1512,2245
12801,2246
9193,2247
24290,2248
19167,2249
15428,2250
5411,2251
20309,2252
3070,2253
24724,2254
7242,2255
7170,2256
27075,2257
3040,2258
17338,2259
11676,2260
24101,2261
22211,2262
17880,2263
15753,2264
15844,2265
25956,2266
7729,2267
2532,2268
11081,2269
18501,2270
19535,2271
26660,2272
10842,2273
3422,2274
20758,2275
9254,2276
16011,2277
26939,2278
17836,2279
4254,2280
6260,2281
25337,2282
4002,2283
1665,2284
20307,2285
6536,2286
9875,2287
13851,2288
21238,2289
18957,2290
12716,2291
5079,2292
12138,2293
19186,2294
4162,2295
10140,2296
12603,2297
2469,2298
21701,2299
13835,2300
18856,2301
22964,2302
1228,2303
26928,2304
2783,2305
5773,2306
17864,2307
14885,2308
25522,2309
11979,2310
13620,2311
27545,2312
9809,2313
24828,2314
24689,2315
9898,2316
23401,2317
24532,2318
16351,2319
16893,2320
12830,2321
21422,2322
22680,2323
14705,2324
22111,2325
21002,2326
3875,2327
22042,2328
26677,2329
14931,2330
14834,2331
21846,2332
5122,2333
1295,2334
2925,2335
148,2336
4482,2337
13786,2338
20436,2339
2359,2340
9899,2341
15689,2342
8746,2343
17462,2344
17257,2345
13950,2346
9913,2347
2111,2348
20388,2349
7933,2350
13840,2351
21326,2352
26277,2353
20658,2354
22826,2355
5607,2356
6089,2357
20317,2358
27227,2359
7739,2360
16920,2361
969,2362
22925,2363
25765,2364
3967,2365
18325,2366
16987,2367
3711,2368
18359,2369
15335,2370
24342,2371
23080,2372
7401,2373
17521,2374
21675,2375
13535,2376
13099,2377
4747,2378
1102,2379
15349,2380
17237,2381
6615,2382
15793,2383
1649,2384
25412,2385
23874,2386
16727,2387
23086,2388
5244,2389
1817,2390
11250,2391
19500,2392
17290,2393
21387,2394
16596,2395
3248,2396
19891,2397
18369,2398
21723,2399
6867,2400
6082,2401
27385,2402
11788,2403
14234,2404
4035,2405
2383,2406
24264,2407
700,2408
18554,2409
2057,2410
27576,2411
116,2412
13216,2413
23323,2414
3858,2415
17754,2416
3551,2417
24755,2418
3057,2419
7092,2420
961,2421
5577,2422
6755,2423
24325,2424
27067,2425
8095,2426
2222,2427
11555,2428
12744,2429
8490,2430
24099,2431
24029,2432
23822,2433
19450,2434
19238,2435
19854,2436
24500,2437
13570,2438
7064,2439
23476,2440
26966,2441
19077,2442
2415,2443
22325,2444
3192,2445
19674,2446
15782,2447
4121,2448
24901,2449
27712,2450
5269,2451
2858,2452
23160,2453
2711,2454
10763,2455
7704,2456
19246,2457
19493,2458
18594,2459
17588,2460
826,2461
26270,2462
25982,2463
4767,2464
2977,2465
10831,2466
17629,2467
1743,2468
7626,2469
17994,2470
23781,2471
1242,2472
1765,2473
16449,2474
14559,2475
27293,2476
14702,2477
12524,2478
17808,2479
10874,2480
22665,2481
23465,2482
24804,2483
17013,2484
15308,2485
439,2486
530,2487
906,2488
11487,2489
2300,2490
1501,2491
12949,2492
4107,2493
3301,2494
25155,2495
8823,2496
10563,2497
7967,2498
21998,2499
18827,2500
22442,2501
817,2502
20223,2503
23156,2504
20415,2505
15147,2506
16120,2507
27794,2508
12936,2509
10455,2510
6484,2511
6879,2512
21198,2513
27204,2514
1261,2515
19670,2516
12256,2517
15067,2518
2328,2519
3997,2520
4992,2521
5234,2522
16737,2523
24716,2524
22207,2525
24921,2526
23260,2527
26589,2528
16031,2529
4361,2530
13412,2531
24182,2532
18494,2533
11421,2534
3885,2535
10490,2536
8218,2537
21661,2538
17168,2539
20984,2540
7322,2541
12829,2542
6183,2543
23477,2544
3623,2545
12459,2546
1959,2547
9080,2548
19154,2549
24111,2550
345,2551
27033,2552
13753,2553
10352,2554
27367,2555
21952,2556
19326,2557
12963,2558
12912,2559
1186,2560
26531,2561
15247,2562
6879,2563
2671,2564
202,2565
21695,2566
25831,2567
25458,2568
7387,2569
15756,2570
9392,2571
23519,2572
26024,2573
15782,2574
17979,2575
27099,2576
8858,2577
18773,2578
1361,2579
27628,2580
8549,2581
8799,2582
19365,2583
26981,2584
17326,2585
21606,2586
1606,2587
23809,2588
27345,2589
27204,2590
27355,2591
24326,2592
6663,2593
8003,2594
14991,2595
4325,2596
13524,2597
13710,2598
2704,2599
3069,2600
8173,2601
783,2602
7951,2603
2389,2604
13981,2605
25183,2606
3268,2607
21286,2608
13140,2609
16064,2610
1127,2611
17943,2612
7850,2613
3513,2614
19766,2615
18425,2616
3982,2617
21310,2618
27658,2619
19934,2620
5633,2621
17628,2622
2443,2623
10817,2624
27642,2625
6335,2626
18515,2627
17825,2628
550,2629
18746,2630
18377,2631
18239,2632
9392,2633
5341,2634
16851,2635
7353,2636
15951,2637
20921,2638
13378,2639
16630,2640
13144,2641
26195,2642
18079,2643
19626,2644
26902,2645
13162,2646
21914,2647
24392,2648
20807,2649
16983,2650
18410,2651
9058,2652
13664,2653
745,2654
7040,2655
19549,2656
6316,2657
6781,2658
27353,2659
17779,2660
22516,2661
24228,2662
20834,2663
3742,2664
2487,2665
8463,2666
1271,2667
4452,2668
5036,2669
11572,2670
20262,2671
7666,2672
4829,2673
1240,2674
23517,2675
11463,2676
20328,2677
20921,2678
15059,2679
6321,2680
8303,2681
11723,2682
7011,2683
16728,2684
1304,2685
20403,2686
7676,2687
25320,2688
7256,2689
13384,2690
9429,2691
18952,2692
17074,2693
26654,2694
26504,2695
3427,2696
18149,2697
10791,2698
5879,2699
22344,2700
24014,2701
12587,2702
4395,2703
12324,2704
24851,2705
14573,2706
703,2707
10831,2708
23651,2709
2919,2710
12213,2711
23430,2712
3425,2713
9340,2714
4497,2715
8766,2716
23142,2717
4335,2718
1628,2719
3477,2720
23485,2721
23712,2722
21158,2723
26219,2724
7407,2725
8053,2726
25684,2727
15285,2728
13058,2729
1469,2730
2034,2731
27535,2732
27766,2733
3641,2734
21818,2735
7116,2736
4282,2737
14001,2738
9295,2739
13229,2740
18313,2741
5498,2742
757,2743
9753,2744
15886,2745
26441,2746
3407,2747
6321,2748
14873,2749
16936,2750
17929,2751
21503,2752
14417,2753
21821,2754
11211,2755
19273,2756
12429,2757
2805,2758
6134,2759
8322,2760
13829,2761
15420,2762
19995,2763
1192,2764
10715,2765
4141,2766
75,2767
8299,2768
18562,2769
26761,2770
6485,2771
22175,2772
26086,2773
6963,2774
11227,2775
3022,2776
22653,2777
236,2778
16147,2779
13231,2780
21531,2781
18487,2782
14096,2783
3890,2784
6349,2785
5982,2786
20498,2787
27715,2788
19549,2789
4594,2790
11432,2791
1978,2792
17652,2793
2915,2794
10035,2795
22918,2796
2175,2797
16670,2798
13802,2799
20957,2800
16096,2801
9973,2802
8756,2803
2632,2804
15799,2805
8745,2806
26202,2807
19027,2808
24990,2809
9174,2810
9091,2811
5950,2812
15580,2813
20614,2814
2262,2815
4473,2816
5272,2817
23355,2818
27640,2819
18438,2820
20001,2821
19320,2822
11641,2823
13475,2824
11113,2825
11975,2826
16359,2827
27801,2828
13050,2829
5179,2830
11144,2831
22850,2832
26500,2833
13923,2834
10337,2835
8234,2836
11658,2837
22285,2838
7386,2839
16342,2840
1245,2841
8,2842
10464,2843
13844,2844
22,2845
26249,2846
15426,2847
13003,2848
49,2849
16978,2850
23829,2851
12419,2852
23314,2853
13759,2854
3368,2855
12123,2856
23765,2857
16235,2858
24307,2859
15312,2860
17293,2861
19162,2862
19834,2863
10816,2864
14317,2865
18622,2866
19837,2867
9579,2868
13874,2869
7255,2870
13047,2871
7030,2872
5602,2873
22332,2874
2728,2875
11792,2876
7225,2877
4347,2878
25038,2879
18939,2880
347,2881
13371,2882
11225,2883
13822,2884
23127,2885
10192,2886
5561,2887
19591,2888
21825,2889
24,2890
9153,2891
14903,2892
23719,2893
18922,2894
26544,2895
26325,2896
17752,2897
27566,2898
20405,2899
7554,2900
9656,2901
11376,2902
16543,2903
7470,2904
23547,2905
25165,2906
16564,2907
14387,2908
21296,2909
10594,2910
4567,2911
26569,2912
25910,2913
11235,2914
8310,2915
1661,2916
25564,2917
21154,2918
6631,2919
22507,2920
3451,2921
22579,2922
19654,2923
2936,2924
15760,2925
13649,2926
2217,2927
21149,2928
16294,2929
1619,2930
20268,2931
14563,2932
18972,2933
11324,2934
9864,2935
23935,2936
1103,2937
21969,2938
9357,2939
10252,2940
18613,2941
9184,2942
20,2943
21476,2944
19371,2945
16125,2946
6574,2947
11829,2948
1145,2949
18939,2950
1962,2951
3218,2952
17568,2953
11161,2954
18308,2955
21219,2956
9376,2957
11808,2958
17778,2959
8037,2960
27737,2961
22290,2962
26798,2963
14916,2964
8222,2965
10836,2966
2896,2967
17323,2968
20069,2969
12363,2970
884,2971
14524,2972
15328,2973
7429,2974
12773,2975
27371,2976
16262,2977
26468,2978
17572,2979
3640,2980
10483,2981
23283,2982
10550,2983
5312,2984
22794,2985
6011,2986
6610,2987
24420,2988
6710,2989
6286,2990
5306,2991
23704,2992
17513,2993
17069,2994
27528,2995
15574,2996
5508,2997
6739,2998
1838,2999
13860,3000
7484,3001
22013,3002
21316,3003
17075,3004
10577,3005
2673,3006
576,3007
3044,3008
16113,3009
26528,3010
15713,3011
11373,3012
3258,3013
1351,3014
15182,3015
11457,3016
3584,3017
22978,3018
18241,3019
12503,3020
12294,3021
22105,3022
26676,3023
15358,3024
9617,3025
20023,3026
5934,3027
20439,3028
408,3029
17548,3030
22367,3031
316,3032
8183,3033
10443,3034
10557,3035
21095,3036
20079,3037
19569,3038
24537,3039
24323,3040
27339,3041
14133,3042
27026,3043
24714,3044
13434,3045
24938,3046
20794,3047
22822,3048
9901,3049
6514,3050
7978,3051
3272,3052
604,3053
4242,3054
20828,3055
12230,3056
9842,3057
22261,3058
19770,3059
11587,3060
17539,3061
7780,3062
26342,3063
20805,3064
19398,3065
8244,3066
2592,3067
5216,3068
5448,3069
15290,3070
13775,3071
285,3072
7852,3073
7541,3074
2431,3075
15178,3076
27748,3077
17524,3078
8553,3079
6428,3080
9197,3081
12070,3082
25616,3083
11869,3084
1779,3085
18277,3086
2898,3087
25997,3088
19384,3089
23988,3090
8304,3091
20877,3092
2425,3093
13876,3094
4494,3095
2488,3096
26954,3097
10985,3098
10925,3099
3802,3100
5105,3101
14128,3102
9733,3103
8151,3104
7269,3105
3654,3106
3826,3107
25091,3108
182,3109
8792,3110
8110,3111
16279,3112
23406,3113
6159,3114
7562,3115
9421,3116
27473,3117
13089,3118
20030,3119
13776,3120
27589,3121
10091,3122
23587,3123
13861,3124
20184,3125
26807,3126
10442,3127
5305,3128
20609,3129
19100,3130
4385,3131
27365,3132
21887,3133
26603,3134
341,3135
23400,3136
10203,3137
26594,3138
7846,3139
13272,3140
12421,3141
6811,3142
9978,3143
15589,3144
22640,3145
7041,3146
20271,3147
27664,3148
3639,3149
7598,3150
2927,3151
14896,3152
11657,3153
16102,3154
23785,3155
3107,3156
16275,3157
20670,3158
7035,3159
5968,3160
16353,3161
1314,3162
1103,3163
17729,3164
1025,3165
3331,3166
11389,3167
18309,3168
8960,3169
16399,3170
22432,3171
13535,3172
24165,3173
16205,3174
23885,3175
11816,3176
20464,3177
9916,3178
10126,3179
20265,3180
16143,3181
6395,3182
13635,3183
16569,3184
26713,3185
6458,3186
7129,3187
1621,3188
1281,3189
16041,3190
25497,3191
22566,3192
2230,3193
4044,3194
2617,3195
4794,3196
9714,3197
18282,3198
10219,3199
11837,3200
27563,3201
2728,3202
15721,3203
22081,3204
19687,3205
7657,3206
5049,3207
4010,3208
9304,3209
2480,3210
5171,3211
9158,3212
7208,3213
5744,3214
27573,3215
21148,3216
24768,3217
9980,3218
13791,3219
11040,3220
20197,3221
11243,3222
25668,3223
23685,3224
2345,3225
17505,3226
18327,3227
19995,3228
6547,3229
14105,3230
10993,3231
15237,3232
13711,3233
7460,3234
18706,3235
3058,3236
22298,3237
5590,3238
9854,3239
20532,3240
14022,3241
15244,3242
17927,3243
15382,3244
7118,3245
6533,3246
578,3247
9117,3248
14303,3249
12041,3250
23481,3251
16770,3252
17447,3253
3990,3254
13444,3255
11307,3256
8784,3257
15598,3258
13504,3259
16712,3260
7185,3261
27098,3262
20090,3263
12420,3264
15742,3265
9853,3266
12421,3267
12313,3268
4556,3269
15965,3270
24807,3271
24691,3272
13407,3273
11966,3274
10762,3275
24674,3276
11402,3277
6374,3278
26319,3279
20257,3280
4364,3281
20522,3282
26842,3283
17884,3284
14718,3285
19982,3286
26141,3287
27248,3288
3912,3289
2749,3290
3265,3291
20081,3292
6718,3293
2048,3294
16259,3295
2886,3296
5070,3297
2077,3298
16700,3299
22212,3300
55,3301
16641,3302
24889,3303
21980,3304
7659,3305
9481,3306
7260,3307
15633,3308
3995,3309
26460,3310
153,3311
19310,3312
11208,3313
27501,3314
20364,3315
8355,3316
17682,3317
9420,3318
13588,3319
27511,3320
17419,3321
12093,3322
14480,3323
5696,3324
20211,3325
3293,3326
21130,3327
23807,3328
11441,3329
23888,3330
19065,3331
3674,3332
27530,3333
10296,3334
11060,3335
7418,3336
9398,3337
9845,3338
15886,3339
22630,3340
15157,3341
6336,3342
12891,3343
18855,3344
16301,3345
5693,3346
8266,3347
20861,3348
13095,3349
721,3350
4229,3351
13854,3352
23492,3353
27188,3354
26814,3355
7709,3356
18971,3357
15663,3358
9860,3359
12208,3360
14887,3361
9615,3362
21780,3363
15159,3364
21913,3365
890,3366
26899,3367
3271,3368
13824,3369
22848,3370
16218,3371
11040,3372
19515,3373
11502,3374
749,3375
14490,3376
14675,3377
23068,3378
11315,3379
10695,3380
644,3381
10945,3382
117,3383
5463,3384
11767,3385
21902,3386
4153,3387
11436,3388
12797,3389
2610,3390
23353,3391
7791,3392
11465,3393
3572,3394
12448,3395
20544,3396
22591,3397
4872,3398
15369,3399
20305,3400
3630,3401
12050,3402
7746,3403
9670,3404
7876,3405
3055,3406
13989,3407
10385,3408
14634,3409
2947,3410
26994,3411
24696,3412
3950,3413
18768,3414
17888,3415
17584,3416
9619,3417
7256,3418
16382,3419
19748,3420
154,3421
26914,3422
9386,3423
1223,3424
2533,3425
20952,3426
24968,3427
19811,3428
7146,3429
13742,3430
16201,3431
25983,3432
16480,3433
14622,3434
10007,3435
27695,3436
10397,3437
3580,3438
19803,3439
23977,3440
16597,3441
19352,3442
24422,3443
15647,3444
5094,3445
32,3446
25468,3447
19299,3448
192,3449
1799,3450
6653,3451
15193,3452
8712,3453
16853,3454
4348,3455
11820,3456
18778,3457
26887,3458
12809,3459
19864,3460
10095,3461
19164,3462
8750,3463
3040,3464
24798,3465
17872,3466
14056,3467
6351,3468
15475,3469
19733,3470
18020,3471
14205,3472
26704,3473
15397,3474
1841,3475
25107,3476
25133,3477
25853,3478
24757,3479
9474,3480
14197,3481
8932,3482
10487,3483
12483,3484
3809,3485
12035,3486
16072,3487
5355,3488
12174,3489
5880,3490
7290,3491
12282,3492
26141,3493
17230,3494
12061,3495
15006,3496
17151,3497
9559,3498
24318,3499
26,3500
6807,3501
27382,3502
24730,3503
11330,3504
21761,3505
1316,3506
23248,3507
11712,3508
16919,3509
6200,3510
2233,3511
16247,3512
6233,3513
1189,3514
20360,3515
6711,3516
26314,3517
26891,3518
24842,3519
13452,3520
5137,3521
10390,3522
4755,3523
13650,3524
3793,3525
19675,3526
25048,3527
620,3528
3159,3529
7361,3530
23962,3531
2825,3532
7414,3533
19326,3534
7251,3535
3463,3536
4548,3537
9206,3538
11720,3539
20102,3540
15129,3541
24358,3542
25540,3543
20039,3544
16106,3545
22687,3546
24071,3547
11939,3548
3770,3549
4538,3550
19149,3551
9687,3552
24188,3553
21715,3554
27535,3555
1606,3556
12772,3557
16431,3558
1428,3559
20094,3560
25367,3561
11866,3562
2841,3563
4538,3564
19381,3565
4336,3566
20685,3567
24675,3568
10480,3569
26898,3570
22401,3571
23131,3572
15184,3573
10993,3574
13360,3575
22561,3576
3433,3577
20473,3578
22255,3579
23316,3580
13383,3581
50,3582
10605,3583
15074,3584
12762,3585
12476,3586
25024,3587
24681,3588
1277,3589
748,3590
26254,3591
7816,3592
11223,3593
22133,3594
20198,3595
25748,3596
26167,3597
13161,3598
17761,3599
27620,3600
9981,3601
22209,3602
21925,3603
21274,3604
25952,3605
9097,3606
12734,3607
11535,3608
22870,3609
16491,3610
25042,3611
13954,3612
23645,3613
9188,3614
183,3615
15878,3616
1217,3617
16051,3618
4155,3619
13227,3620
5102,3621
1255,3622
26693,3623
4713,3624
21299,3625
2594,3626
24055,3627
20862,3628
1863,3629
256,3630
27099,3631
13359,3632
12459,3633
1950,3634
8463,3635
9963,3636
18187,3637
988,3638
10641,3639
15790,3640
17005,3641
8441,3642
63,3643
22180,3644
4397,3645
26542,3646
7038,3647
27391,3648
5743,3649
8317,3650
27799,3651
14377,3652
2222,3653
9767,3654
18072,3655
8275,3656
3947,3657
23736,3658
11237,3659
10545,3660
10823,3661
2715,3662
4760,3663
1299,3664
10399,3665
22270,3666
27504,3667
9485,3668
18941,3669
20322,3670
2780,3671
479,3672
5486,3673
16621,3674
22033,3675
23281,3676
16025,3677
27199,3678
20841,3679
25649,3680
17634,3681
18795,3682
25473,3683
16877,3684
24594,3685
27250,3686
23201,3687
24175,3688
1814,3689
20455,3690
27509,3691
26462,3692
8379,3693
292,3694
26415,3695
6084,3696
13814,3697
11309,3698
27747,3699
18409,3700
18289,3701
20800,3702
13692,3703
19490,3704
3047,3705
26498,3706
12216,3707
2849,3708
27557,3709
10982,3710
16693,3711
25110,3712
27320,3713
26292,3714
280,3715
5314,3716
26638,3717
5522,3718
26457,3719
13620,3720
3815,3721
2263,3722
7825,3723
7352,3724
9982,3725
4818,3726
13768,3727
21441,3728
8247,3729
15902,3730
1998,3731
1777,3732
22039,3733
2085,3734
12605,3735
13339,3736
88,3737
21641,3738
13136,3739
9272,3740
19766,3741
25825,3742
4787,3743
24273,3744
27544,3745
532,3746
20358,3747
21290,3748
10947,3749
18355,3750
18235,3751
14483,3752
26526,3753
20179,3754
12816,3755
7935,3756
17047,3757
17543,3758
24044,3759
10974,3760
3126,3761
10321,3762
23811,3763
25272,3764
162,3765
3637,3766
3076,3767
3296,3768
5824,3769
23614,3770
25359,3771
18531,3772
11809,3773
3464,3774
3608,3775
13846,3776
23490,3777
6345,3778
22635,3779
9109,3780
21892,3781
22433,3782
18544,3783
19137,3784
7862,3785
1557,3786
27331,3787
25471,3788
5356,3789
21235,3790
18123,3791
17133,3792
3661,3793
17855,3794
13002,3795
7053,3796
9015,3797
22082,3798
8350,3799
14404,3800
14971,3801
27594,3802
18053,3803
593,3804
11400,3805
19170,3806
20085,3807
19680,3808
22057,3809
8945,3810
12822,3811
2080,3812
7175,3813
14550,3814
24139,3815
26077,3816
13598,3817
8940,3818
16186,3819
115,3820
3834,3821
7034,3822
24902,3823
26879,3824
17497,3825
16876,3826
8637,3827
4863,3828
14647,3829
18950,3830
8066,3831
5445,3832
9178,3833
550,3834
2114,3835
20561,3836
27542,3837
2306,3838
8882,3839
13617,3840
281,3841
19829,3842
22097,3843
9908,3844
19985,3845
1114,3846
18214,3847
15070,3848
5922,3849
5374,3850
14669,3851
16863,3852
13439,3853
8258,3854
6746,3855
11148,3856
12707,3857
20704,3858
4065,3859
9569,3860
1121,3861
18788,3862
20942,3863
506,3864
21035,3865
25403,3866
26827,3867
13102,3868
6801,3869
9966,3870
5486,3871
25943,3872
19732,3873
27181,3874
15141,3875
24262,3876
11024,3877
2411,3878
14855,3879
12681,3880
8242,3881
15942,3882
3549,3883
13944,3884
16418,3885
2137,3886
9950,3887
26859,3888
21765,3889
25385,3890
11362,3891
23722,3892
2360,3893
19571,3894
27573,3895
5040,3896
10385,3897
7250,3898
16645,3899
8725,3900
26774,3901
7053,3902
15986,3903
14524,3904
14197,3905
16644,3906
27557,3907
3485,3908
16771,3909
8208,3910
27024,3911
25720,3912
26681,3913
18199,3914
13483,3915
26474,3916
20331,3917
13127,3918
16288,3919
20025,3920
2217,3921
20043,3922
21485,3923
8035,3924
1928,3925
21301,3926
11409,3927
12309,3928
25643,3929
26065,3930
4192,3931
5531,3932
23818,3933
14780,3934
25028,3935
18967,3936
1402,3937
26853,3938
4394,3939
3292,3940
21019,3941
23724,3942
13689,3943
9439,3944
6328,3945
6394,3946
13929,3947
19972,3948
25595,3949
743,3950
23958,3951
25092,3952
10172,3953
4172,3954
27013,3955
1651,3956
6584,3957
5939,3958
6681,3959
16764,3960
10600,3961
1210,3962
8754,3963
14752,3964
428,3965
15879,3966
10723,3967
15855,3968
23627,3969
17273,3970
7078,3971
8544,3972
18011,3973
11334,3974
743,3975
9525,3976
16897,3977
7026,3978
3652,3979
8889,3980
27797,3981
4586,3982
24256,3983
9749,3984
19260,3985
11886,3986
24008,3987
26911,3988
15575,3989
7705,3990
14252,3991
6582,3992
7450,3993
2433,3994
5133,3995
2011,3996
17111,3997
5786,3998
22121,3999
3393,4000
11848,4001
21050,4002
10226,4003
22234,4004
26911,4005
6050,4006
14231,4007
5175,4008
432,4009
17937,4010
24760,4011
15256,4012
26950,4013
18266,4014
13010,4015
4757,4016
24610,4017
4090,4018
20851,4019
1077,4020
24678,4021
23499,4022
7831,4023
18759,4024
5299,4025
11699,4026
10671,4027
2383,4028
24389,4029
22971,4030
13375,4031
9575,4032
18320,4033
26755,4034
11263,4035
22396,4036
2007,4037
15514,4038
20531,4039
9376,4040
26480,4041
9972,4042
16862,4043
6465,4044
15900,4045
9309,4046
8962,4047
18273,4048
14744,4049
17858,4050
26204,4051
16482,4052
9397,4053
13687,4054
2760,4055
6519,4056
18070,4057
25641,4058
12402,4059
19945,4060
7613,4061
19387,4062
18539,4063
23897,4064
11203,4065
6111,4066
7968,4067
9377,4068
115,4069
10363,4070
12513,4071
9305,4072
25895,4073
19002,4074
11841,4075
6856,4076
3490,4077
1619,4078
23493,4079
12746,4080
6034,4081
16888,4082
16133,4083
15899,4084
26325,4085
21063,4086
20521,4087
19535,4088
2524,4089
25935,4090
12368,4091
17702,4092
27499,4093
15927,4094
27439,4095
19428,4096
