19690,1
14075,2
23250,3
671,4
20150,5
27606,6
15126,7
15610,8
22747,9
5591,10
3527,11
3712,12
19970,13
16471,14
22873,15
11785,16
3833,17
22557,18
9622,19
16218,20
20835,21
8467,22
20120,23
11398,24
26527,25
3154,26
15178,27
23793,28
14533,29
4088,30
22163,31
24374,32
262,33
10859,34
5488,35
24181,36
22908,37
1534,38
11947,39
1858,40
27345,41
17589,42
19820,43
8187,44
23972,45
5064,46
25880,47
12436,48
19519,49
26403,50
25839,51
24378,52
7213,53
16476,54
18161,55
17969,56
20099,57
24217,58
14217,59
7464,60
26555,61
18068,62
20283,63
2959,64
5284,65
12734,66
13327,67
2631,68
15183,69
17999,70
7130,71
22655,72
2839,73
11256,74
8916,75
6920,76
23142,77
13503,78
274,79
20106,80
10815,81
15396,82
10867,83
18214,84
16289,85
12376,86
586,87
20098,88
12273,89
13921,90
15602,91
27339,92
22651,93
9886,94
16626,95
7976,96
27485,97
6027,98
8918,99
1623,100
1090,101
19839,102
17291,103
3958,104
12969,105
23950,106
21951,107
26424,108
9815,109
15223,110
5646,111
16320,112
7637,113
5909,114
9687,115
27316,116
7913,117
2310,118
727,119
8684,120
15631,121
10882,122
23519,123
4120,124
20367,125
14104,126
26913,127
23590,128
12240,129
22369,130
16268,131
18731,132
13660,133
10664,134
22783,135
27546,136
21259,137
13407,138
15326,139
19839,140
3867,141
14435,142
5403,143
22945,144
24547,145
6578,146
16245,147
11683,148
8496,149
9276,150
26584,151
5934,152
27547,153
8805,154
12658,155
24275,156
16412,157
866,158
20709,159
23650,160
27585,161
13489,162
1464,163
16873,164
18085,165
3512,166
12148,167
7260,168
203,169
19278,170
3775,171
20224,172
6352,173
3463,174
17229,175
9567,176
25704,177
21691,178
10077,179
23699,180
3835,181
11346,182
11434,183
9229,184
17723,185
24186,186
15241,187
10190,188
13292,189
17460,190
5848,191
7673,192
24094,193
11015,194
10102,195
20251,196
16563,197
4250,198
5718,199
11732,200
19605,201
25758,202
25746,203
22730,204
15722,205
10457,206
20247,207
2459,208
7976,209
5924,210
27707,211
15587,212
5722,213
25874,214
21638,215
25372,216
6093,217
4120,218
20361,219
9012,220
25096,221
3147,222
8589,223
15962,224
18788,225
15172,226
5795,227
22588,228
21065,229
1941,230
2739,231
10136,232
8183,233
25804,234
4502,235
12758,236
23179,237
15026,238
8156,239
5865,240
7596,241
20670,242
18529,243
15279,244
14280,245
6007,246
26512,247
556,248
8653,249
19123,250
19304,251
15742,252
6813,253
235,254
5097,255
12659,256
7949,257
1649,258
21512,259
13561,260
5239,261
21767,262
18877,263
14184,264
22646,265
8891,266
5470,267
1075,268
14985,269
9848,270
21520,271
13643,272
2543,273
8030,274
13526,275
3388,276
15059,277
22217,278
8814,279
7535,280
18044,281
18012,282
2210,283
25717,284
13051,285
10623,286
26726,287
25991,288
25908,289
18839,290
11988,291
12163,292
2305,293
18063,294
19445,295
4613,296
23209,297
11324,298
16,299
10258,300
9526,301
13624,302
20172,303
66,304
16517,305
16660,306
22866,307
19566,308
10888,309
5881,310
26579,311
22662,312
18895,313
6821,314
17292,315
10638,316
2221,317
26130,318
21993,319
17419,320
16142,321
13972,322
18960,323
23614,324
15254,325
24568,326
26413,327
3663,328
17536,329
6677,330
25472,331
12488,332
17912,333
7562,334
12815,335
980,336
7410,337
17468,338
23871,339
25567,340
5064,341
319,342
3840,343
15747,344
10115,345
12231,346
14569,347
12769,348
9165,349
10167,350
3562,351
7984,352
15188,353
27671,354
9681,355
3221,356
17421,357
5753,358
9932,359
15473,360
16996,361
25619,362
18436,363
13318,364
11529,365
17850,366
26752,367
7285,368
12997,369
4337,370
11556,371
25513,372
19305,373
1702,374
998,375
19047,376
6334,377
24132,378
2406,379
23634,380
18856,381
25389,382
7541,383
16965,384
9844,385
6187,386
444,387
21824,388
15615,389
20965,390
9251,391
1234,392
27674,393
4642,394
16497,395
3368,396
7763,397
10428,398
1139,399
4384,400
25504,401
18368,402
500,403
26275,404
7422,405
1546,406
19454,407
8582,408
18488,409
758,410
16368,411
8704,412
13893,413
6823,414
4118,415
7491,416
23761,417
9855,418
20223,419
21110,420
8984,421
6250,422
10331,423
327,424
20531,425
3210,426
5441,427
383,428
23647,429
15165,430
20864,431
18591,432
12167,433
12248,434
5866,435
4810,436
26205,437
8353,438
7822,439
14841,440
13545,441
19801,442
11612,443
22449,444
1137,445
14643,446
9788,447
5937,448
16345,449
11426,450
25653,451
20777,452
10435,453
8008,454
25053,455
8151,456
19732,457
10777,458
23658,459
14835,460
8658,461
6736,462
1262,463
3655,464
26158,465
27430,466
3564,467
21469,468
23969,469
20595,470
14133,471
17993,472
20223,473
19384,474
12475,475
24476,476
17498,477
21205,478
11894,479
5824,480
11068,481
7203,482
17602,483
26773,484
19404,485
6523,486
10547,487
27748,488
3293,489
11004,490
23247,491
22462,492
6905,493
14893,494
19311,495
12294,496
18592,497
16786,498
8593,499
6600,500
25343,501
6646,502
11311,503
16885,504
19201,505
18694,506
18767,507
8484,508
3640,509
10886,510
11336,511
17704,512
8268,513
23917,514
25667,515
2113,516
1567,517
24493,518
17913,519
17148,520
5313,521
25125,522
16137,523
27192,524
20411,525
19245,526
12252,527
13200,528
18971,529
7892,530
21301,531
26788,532
17136,533
2887,534
7666,535
21577,536
7123,537
11885,538
2432,539
26949,540
18307,541
3470,542
16630,543
14768,544
16136,545
21319,546
16204,547
11467,548
14540,549
20076,550
14225,551
10505,552
2720,553
23237,554
4704,555
19782,556
18368,557
17817,558
11465,559
20863,560
16709,561
22999,562
8407,563
1940,564
7999,565
24132,566
25303,567
25020,568
11939,569
7971,570
22379,571
310,572
14709,573
1058,574
17102,575
24439,576
5233,577
24183,578
1946,579
11239,580
6854,581
9322,582
17351,583
23737,584
3595,585
9370,586
2761,587
26835,588
8967,589
19156,590
21823,591
9903,592
16443,593
5961,594
2193,595
13238,596
11614,597
8795,598
2074,599
9488,600
3976,601
22053,602
12603,603
5806,604
13145,605
25353,606
18651,607
4465,608
8986,609
10994,610
19551,611
8058,612
13168,613
928,614
15279,615
22727,616
3432,617
2290,618
7891,619
27730,620
6941,621
13566,622
19224,623
3183,624
16882,625
6372,626
12006,627
6319,628
9032,629
21276,630
6334,631
15581,632
8602,633
17890,634
22143,635
17156,636
2507,637
22861,638
3050,639
4026,640
8691,641
4241,642
2868,643
1788,644
22761,645
21348,646
3620,647
9701,648
3958,649
23255,650
8532,651
17544,652
8073,653
6923,654
10678,655
41,656
24413,657
9169,658
26139,659
1906,660
1378,661
16396,662
13767,663
23532,664
3389,665
24255,666
17103,667
12650,668
15587,669
27306,670
5408,671
25928,672
20106,673
821,674
24641,675
18897,676
21812,677
7840,678
2246,679
5333,680
11089,681
7300,682
25822,683
21307,684
26258,685
5816,686
17939,687
22695,688
18039,689
21447,690
20649,691
7536,692
13899,693
69,694
24822,695
8303,696
16877,697
7985,698
23292,699
6792,700
16681,701
23119,702
3957,703
6967,704
20167,705
20612,706
16846,707
13753,708
14823,709
14317,710
23282,711
9996,712
12046,713
27341,714
23365,715
3980,716
26297,717
9647,718
12465,719
2768,720
4700,721
27189,722
2944,723
19645,724
23543,725
2282,726
22275,727
1634,728
11837,729
4246,730
25561,731
5464,732
18595,733
10534,734
11428,735
27700,736
19672,737
22979,738
26295,739
27122,740
25189,741
7068,742
18234,743
27579,744
15025,745
24724,746
18593,747
9847,748
2674,749
9683,750
24175,751
8432,752
25919,753
4568,754
6701,755
4806,756
4714,757
1420,758
19155,759
22009,760
25739,761
3483,762
13128,763
23658,764
11968,765
22009,766
6533,767
845,768
3900,769
24868,770
4486,771
17947,772
19304,773
1098,774
26712,775
12830,776
12399,777
19424,778
6432,779
2976,780
9666,781
22859,782
6898,783
5803,784
4573,785
5806,786
10326,787
26949,788
9783,789
22371,790
2397,791
11579,792
12305,793
12169,794
4043,795
26743,796
12761,797
6582,798
11443,799
6178,800
19206,801
3400,802
21501,803
7946,804
4450,805
8783,806
26242,807
20301,808
6496,809
21337,810
1148,811
20507,812
3770,813
21314,814
16641,815
16574,816
15704,817
21536,818
1388,819
20050,820
6300,821
19138,822
22483,823
2481,824
23692,825
9278,826
20988,827
17711,828
5476,829
27034,830
9372,831
20646,832
16312,833
66,834
14149,835
10714,836
22418,837
23272,838
11474,839
26566,840
14505,841
4124,842
1728,843
27027,844
26749,845
7908,846
7522,847
4533,848
8160,849
18957,850
20206,851
12672,852
27019,853
14659,854
11965,855
12053,856
10334,857
20926,858
18430,859
20151,860
4557,861
19116,862
8147,863
16909,864
6416,865
9417,866
13760,867
23381,868
11046,869
8856,870
24729,871
9651,872
24736,873
25049,874
19816,875
26142,876
6345,877
15272,878
23947,879
19293,880
5887,881
14741,882
15734,883
25780,884
21016,885
25124,886
230,887
601,888
17025,889
7332,890
11354,891
12561,892
11509,893
2614,894
27306,895
13223,896
1809,897
13746,898
19463,899
25231,900
6383,901
9494,902
26666,903
7603,904
15437,905
18085,906
3389,907
12173,908
8845,909
583,910
10442,911
13302,912
10313,913
15867,914
14276,915
5321,916
17613,917
19059,918
1545,919
2971,920
24471,921
6981,922
16314,923
8648,924
6779,925
21316,926
8737,927
19051,928
19048,929
24710,930
17430,931
11075,932
18135,933
14054,934
24150,935
17177,936
8367,937
11071,938
17626,939
12216,940
25888,941
25355,942
17731,943
27275,944
20899,945
23010,946
17088,947
12001,948
19204,949
22380,950
21273,951
16804,952
20247,953
9673,954
27237,955
5540,956
4204,957
6504,958
12324,959
15428,960
5669,961
20687,962
7085,963
3768,964
23279,965
23137,966
10429,967
10701,968
18103,969
16143,970
15647,971
23933,972
18486,973
25087,974
26477,975
21106,976
7042,977
13085,978
16149,979
934,980
12252,981
7962,982
13429,983
8970,984
21091,985
3369,986
25985,987
22374,988
1179,989
8881,990
1452,991
25700,992
24104,993
2308,994
6455,995
18066,996
22251,997
11630,998
23494,999
15501,1000
8290,1001
10535,1002
5487,1003
15903,1004
23601,1005
2956,1006
419,1007
17596,1008
25944,1009
12156,1010
16896,1011
25319,1012
13044,1013
14596,1014
12030,1015
12377,1016
18728,1017
177,1018
27679,1019
6805,1020
19200,1021
20356,1022
24756,1023
26375,1024
25456,1025
27132,1026
8852,1027
3630,1028
18656,1029
9437,1030
16738,1031
5636,1032
21685,1033
7751,1034
1564,1035
18347,1036
17427,1037
8012,1038
2083,1039
2879,1040
13773,1041
8459,1042
12285,1043
2185,1044
9171,1045
22656,1046
19135,1047
7279,1048
16068,1049
13674,1050
21745,1051
26523,1052
12326,1053
25230,1054
15528,1055
3959,1056
19513,1057
1017,1058
2134,1059
17430,1060
5939,1061
22325,1062
14634,1063
23036,1064
11286,1065
24464,1066
10921,1067
26159,1068
8064,1069
9098,1070
9568,1071
634,1072
857,1073
11410,1074
19429,1075
13396,1076
19191,1077
3541,1078
11063,1079
4175,1080
14746,1081
15383,1082
3328,1083
22830,1084
5044,1085
2721,1086
15170,1087
18739,1088
1459,1089
4764,1090
22708,1091
13813,1092
16615,1093
15331,1094
25107,1095
27525,1096
12081,1097
26563,1098
26403,1099
20112,1100
23927,1101
25984,1102
18345,1103
14216,1104
166,1105
6336,1106
11950,1107
1872,1108
20203,1109
3886,1110
7178,1111
22443,1112
9604,1113
9417,1114
11669,1115
16060,1116
14631,1117
19861,1118
14319,1119
25268,1120
24567,1121
15973,1122
21851,1123
3000,1124
11613,1125
14347,1126
14472,1127
4058,1128
13884,1129
21172,1130
26797,1131
22826,1132
25681,1133
17186,1134
10988,1135
3554,1136
13962,1137
27389,1138
26130,1139
3084,1140
21412,1141
14266,1142
6586,1143
20303,1144
17938,1145
2854,1146
8582,1147
12088,1148
8281,1149
25475,1150
23358,1151
5663,1152
1779,1153
27134,1154
17045,1155
21904,1156
26832,1157
20013,1158
544,1159
21287,1160
7960,1161
16607,1162
11724,1163
22650,1164
19773,1165
25001,1166
17257,1167
8019,1168
19598,1169
14954,1170
23752,1171
22017,1172
5609,1173
11695,1174
15215,1175
26387,1176
4473,1177
10869,1178
14148,1179
27013,1180
6205,1181
12587,1182
10867,1183
26444,1184
14754,1185
3843,1186
0,1187
657,1188
20775,1189
11983,1190
13673,1191
19032,1192
12794,1193
17071,1194
15676,1195
15730,1196
12085,1197
21622,1198
14313,1199
25997,1200
17877,1201
13688,1202
12150,1203
500,1204
16638,1205
9074,1206
24224,1207
187,1208
7926,1209
13209,1210
26907,1211
7571,1212
24859,1213
20954,1214
15844,1215
24251,1216
18126,1217
16794,1218
18472,1219
25387,1220
7198,1221
15749,1222
9119,1223
19777,1224
23395,1225
24317,1226
17785,1227
27212,1228
24137,1229
12462,1230
709,1231
12635,1232
4952,1233
16030,1234
4374,1235
13943,1236
3553,1237
367,1238
23170,1239
5329,1240
24272,1241
1029,1242
6618,1243
8745,1244
27108,1245
7505,1246
16634,1247
15619,1248
23423,1249
19250,1250
14778,1251
24017,1252
69,1253
9581,1254
8819,1255
13460,1256
23161,1257
18450,1258
25376,1259
372,1260
5033,1261
7396,1262
21730,1263
23568,1264
6784,1265
7301,1266
14113,1267
2318,1268
5407,1269
23949,1270
20137,1271
514,1272
8182,1273
2881,1274
2991,1275
16863,1276
18383,1277
1801,1278
1452,1279
7827,1280
11874,1281
20752,1282
4931,1283
15129,1284
21090,1285
5265,1286
27670,1287
16046,1288
2698,1289
1288,1290
25440,1291
26369,1292
601,1293
26761,1294
7030,1295
4121,1296
9323,1297
17764,1298
1952,1299
8599,1300
9315,1301
10465,1302
13188,1303
26688,1304
20445,1305
6430,1306
13324,1307
2081,1308
10758,1309
18195,1310
18042,1311
120,1312
21001,1313
17519,1314
14474,1315
2310,1316
2946,1317
24550,1318
6750,1319
23821,1320
13393,1321
18875,1322
26483,1323
24830,1324
23622,1325
3088,1326
4520,1327
2551,1328
6878,1329
14789,1330
23235,1331
7067,1332
10111,1333
26915,1334
24395,1335
11888,1336
20859,1337
26146,1338
13916,1339
5633,1340
21777,1341
2741,1342
7849,1343
19689,1344
15724,1345
13225,1346
21267,1347
14478,1348
5370,1349
26951,1350
3756,1351
2453,1352
5496,1353
24111,1354
23901,1355
15307,1356
14434,1357
23451,1358
4103,1359
956,1360
1810,1361
24428,1362
21386,1363
16627,1364
21348,1365
27192,1366
1783,1367
123,1368
1753,1369
11118,1370
26247,1371
11578,1372
24631,1373
9508,1374
8618,1375
25570,1376
16659,1377
18912,1378
16449,1379
14123,1380
21075,1381
11334,1382
1103,1383
22027,1384
6822,1385
24382,1386
116,1387
6414,1388
3119,1389
22651,1390
18625,1391
3396,1392
11191,1393
9677,1394
17478,1395
26428,1396
9826,1397
26653,1398
6290,1399
25734,1400
17229,1401
10071,1402
23260,1403
20149,1404
16502,1405
22366,1406
2466,1407
14142,1408
12927,1409
4254,1410
16737,1411
7149,1412
11078,1413
13223,1414
26841,1415
9757,1416
2538,1417
13712,1418
15083,1419
3124,1420
589,1421
11668,1422
4937,1423
19728,1424
24795,1425
5953,1426
880,1427
11860,1428
3913,1429
5591,1430
16385,1431
22504,1432
24717,1433
9659,1434
9447,1435
16818,1436
10446,1437
6175,1438
21155,1439
20347,1440
20947,1441
22599,1442
263,1443
20635,1444
2593,1445
25649,1446
4465,1447
10142,1448
16543,1449
23068,1450
25686,1451
21027,1452
7848,1453
7192,1454
14354,1455
796,1456
25652,1457
13261,1458
21502,1459
13111,1460
14171,1461
14287,1462
17713,1463
17791,1464
11543,1465
2162,1466
24460,1467
3937,1468
6416,1469
20529,1470
8072,1471
14638,1472
11140,1473
9295,1474
16192,1475
4128,1476
27039,1477
10362,1478
26769,1479
7196,1480
5162,1481
10803,1482
17951,1483
24123,1484
4394,1485
23721,1486
16400,1487
3009,1488
17554,1489
6543,1490
10928,1491
26032,1492
16549,1493
6968,1494
16259,1495
27730,1496
17221,1497
4524,1498
14636,1499
11513,1500
24859,1501
6788,1502
20822,1503
1524,1504
8432,1505
4055,1506
23239,1507
15947,1508
9381,1509
27224,1510
24910,1511
3868,1512
8041,1513
10287,1514
7182,1515
8588,1516
26995,1517
17004,1518
7558,1519
26205,1520
3908,1521
8586,1522
27594,1523
11182,1524
25943,1525
16382,1526
2857,1527
15019,1528
23669,1529
919,1530
17359,1531
3719,1532
8217,1533
26956,1534
23694,1535
13841,1536
5060,1537
18799,1538
13193,1539
27160,1540
25914,1541
9072,1542
559,1543
25005,1544
128,1545
6440,1546
17246,1547
10084,1548
5161,1549
1259,1550
15755,1551
25298,1552
1334,1553
3044,1554
8406,1555
21043,1556
9875,1557
1646,1558
8075,1559
20472,1560
19211,1561
3493,1562
18681,1563
14799,1564
7461,1565
8997,1566
20740,1567
2747,1568
19361,1569
23671,1570
2362,1571
10566,1572
12864,1573
16233,1574
14732,1575
16038,1576
861,1577
13852,1578
11189,1579
6784,1580
20657,1581
6517,1582
564,1583
12298,1584
4611,1585
21256,1586
15,1587
520,1588
3758,1589
8926,1590
25008,1591
23479,1592
13920,1593
8841,1594
12549,1595
13869,1596
14077,1597
27422,1598
1165,1599
12735,1600
22483,1601
23419,1602
2167,1603
8827,1604
10260,1605
25293,1606
16750,1607
26682,1608
23473,1609
22832,1610
23451,1611
24004,1612
17849,1613
15110,1614
10621,1615
26251,1616
14185,1617
13556,1618
7753,1619
11481,1620
10674,1621
5382,1622
22451,1623
4052,1624
6300,1625
17039,1626
11369,1627
26921,1628
21470,1629
6902,1630
2904,1631
2113,1632
11075,1633
1707,1634
24489,1635
14903,1636
23480,1637
2876,1638
13818,1639
12300,1640
3438,1641
8009,1642
20975,1643
23328,1644
21509,1645
16329,1646
14319,1647
26713,1648
15015,1649
5604,1650
18369,1651
19345,1652
19320,1653
25943,1654
20635,1655
11821,1656
12529,1657
2017,1658
7907,1659
15522,1660
9889,1661
16752,1662
16295,1663
4112,1664
3517,1665
11399,1666
10555,1667
26286,1668
2963,1669
14176,1670
25104,1671
3702,1672
11929,1673
27318,1674
21516,1675
21140,1676
90,1677
12426,1678
15507,1679
16624,1680
17985,1681
11410,1682
1895,1683
20307,1684
1106,1685
21154,1686
7069,1687
19544,1688
19239,1689
114,1690
27560,1691
12724,1692
21728,1693
16255,1694
5949,1695
16883,1696
15285,1697
21547,1698
17023,1699
22756,1700
25516,1701
4776,1702
14968,1703
5829,1704
3534,1705
22054,1706
24260,1707
19457,1708
14022,1709
3763,1710
9319,1711
5294,1712
24844,1713
8920,1714
3894,1715
8668,1716
25421,1717
17857,1718
26185,1719
5999,1720
26665,1721
10933,1722
20747,1723
15669,1724
21325,1725
24020,1726
22969,1727
11672,1728
13473,1729
21579,1730
19740,1731
6706,1732
9880,1733
6504,1734
27783,1735
14620,1736
15807,1737
13178,1738
3012,1739
27141,1740
9467,1741
8714,1742
548,1743
6151,1744
106,1745
5978,1746
22204,1747
6733,1748
20380,1749
8746,1750
25663,1751
18042,1752
15327,1753
16378,1754
12498,1755
24173,1756
11974,1757
16238,1758
18270,1759
3555,1760
17289,1761
21223,1762
2509,1763
22611,1764
23157,1765
16565,1766
23844,1767
13015,1768
14299,1769
26502,1770
17554,1771
4639,1772
8325,1773
7100,1774
1180,1775
13633,1776
16728,1777
2009,1778
1862,1779
18238,1780
13218,1781
15723,1782
15591,1783
17149,1784
3078,1785
6642,1786
8749,1787
2847,1788
20853,1789
26526,1790
24322,1791
17905,1792
10861,1793
1760,1794
25001,1795
16615,1796
10280,1797
22667,1798
281,1799
1725,1800
22605,1801
24833,1802
26088,1803
10316,1804
27117,1805
1809,1806
7070,1807
14836,1808
19464,1809
12265,1810
3812,1811
16545,1812
16162,1813
21170,1814
12111,1815
10986,1816
25693,1817
13142,1818
20802,1819
17005,1820
7486,1821
2472,1822
10172,1823
8193,1824
2028,1825
13264,1826
19562,1827
8934,1828
3122,1829
7275,1830
7710,1831
9142,1832
9096,1833
13899,1834
10505,1835
20070,1836
2835,1837
3937,1838
9369,1839
8117,1840
12257,1841
15614,1842
19090,1843
23190,1844
2672,1845
17394,1846
15840,1847
25080,1848
13176,1849
9383,1850
13330,1851
14044,1852
1604,1853
2800,1854
21477,1855
3192,1856
4664,1857
737,1858
12056,1859
22953,1860
2895,1861
14447,1862
6988,1863
24783,1864
3064,1865
16205,1866
25173,1867
4152,1868
3787,1869
24887,1870
12910,1871
836,1872
2324,1873
20490,1874
12404,1875
26567,1876
1853,1877
7419,1878
25033,1879
25844,1880
6702,1881
13406,1882
26162,1883
1058,1884
25515,1885
12211,1886
21631,1887
10881,1888
140,1889
26470,1890
15991,1891
21280,1892
8524,1893
1154,1894
10994,1895
23107,1896
23166,1897
24022,1898
2438,1899
10935,1900
2511,1901
19809,1902
5934,1903
14059,1904
6814,1905
26585,1906
478,1907
18764,1908
5185,1909
12721,1910
96,1911
17376,1912
21021,1913
2555,1914
24961,1915
6964,1916
23418,1917
13415,1918
17887,1919
12711,1920
16976,1921
26665,1922
17014,1923
15584,1924
24169,1925
1437,1926
10897,1927
22082,1928
12828,1929
14951,1930
9961,1931
7386,1932
17110,1933
4821,1934
20176,1935
10785,1936
10796,1937
21288,1938
26115,1939
11567,1940
19226,1941
4502,1942
1880,1943
6187,1944
25045,1945
2026,1946
9110,1947
23760,1948
20122,1949
10517,1950
27613,1951
20443,1952
22786,1953
19893,1954
19972,1955
16550,1956
18089,1957
19441,1958
20611,1959
9683,1960
5042,1961
2239,1962
14505,1963
4543,1964
9291,1965
14354,1966
3272,1967
25771,1968
15625,1969
10885,1970
190,1971
3789,1972
14045,1973
8751,1974
3263,1975
689,1976
12802,1977
13529,1978
15319,1979
10358,1980
8652,1981
3735,1982
23678,1983
900,1984
17830,1985
16645,1986
19500,1987
18593,1988
27478,1989
12826,1990
16974,1991
16366,1992
16057,1993
8628,1994
14147,1995
23111,1996
11795,1997
9829,1998
3977,1999
24253,2000
10834,2001
3102,2002
23291,2003
11168,2004
17641,2005
23612,2006
13535,2007
17626,2008
25728,2009
6525,2010
16969,2011
14588,2012
11646,2013
26679,2014
25832,2015
2318,2016
24288,2017
19253,2018
5372,2019
19325,2020
20014,2021
22154,2022
25909,2023
27655,2024
1633,2025
19353,2026
10611,2027
10397,2028
12536,2029
17739,2030
2857,2031
17859,2032
8592,2033
24400,2034
19163,2035
19794,2036
22667,2037
27123,2038
15112,2039
12043,2040
15079,2041
27622,2042
25044,2043
24093,2044
10673,2045
23758,2046
4385,2047
9586,2048
26868,2049
951,2050
2609,2051
18170,2052
12598,2053
1370,2054
20895,2055
14912,2056
14891,2057
25506,2058
16352,2059
14453,2060
12515,2061
24424,2062
190,2063
20656,2064
1703,2065
5193,2066
14642,2067
2109,2068
11327,2069
19714,2070
18404,2071
8852,2072
17157,2073
11070,2074
1368,2075
18816,2076
21533,2077
12579,2078
13293,2079
1081,2080
3796,2081
3116,2082
7310,2083
21934,2084
2411,2085
16702,2086
23025,2087
857,2088
9633,2089
18741,2090
12984,2091
3686,2092
7277,2093
16830,2094
27394,2095
12132,2096
11957,2097
5692,2098
9450,2099
23266,2100
15040,2101
18041,2102
12429,2103
18896,2104
1812,2105
13294,2106
1254,2107
2639,2108
9666,2109
3063,2110
24325,2111
12451,2112
20358,2113
17009,2114
12862,2115
1707,2116
16147,2117
7624,2118
13387,2119
20822,2120
12092,2121
20737,2122
77,2123
27100,2124
3123,2125
2414,2126
26384,2127
18360,2128
6424,2129
3801,2130
19778,2131
20772,2132
14208,2133
163,2134
5786,2135
17579,2136
5967,2137
9477,2138
17225,2139
14163,2140
7168,2141
6917,2142
18439,2143
12711,2144
23534,2145
11503,2146
15281,2147
23558,2148
27163,2149
27473,2150
19220,2151
7532,2152
21577,2153
8387,2154
23100,2155
20000,2156
12464,2157
8193,2158
13937,2159
5478,2160
15324,2161
23642,2162
17596,2163
8174,2164
11779,2165
24504,2166
18971,2167
13863,2168
23828,2169
2966,2170
24336,2171
5404,2172
14294,2173
26260,2174
688,2175
9738,2176
5058,2177
23369,2178
25523,2179
24705,2180
18612,2181
18306,2182
12383,2183
16515,2184
1483,2185
12778,2186
13667,2187
5948,2188
518,2189
3328,2190
2750,2191
2554,2192
6604,2193
20770,2194
15945,2195
7634,2196
2539,2197
22095,2198
226,2199
15000,2200
15274,2201
2601,2202
4642,2203
5514,2204
19151,2205
21386,2206
22080,2207
23688,2208
4599,2209
4260,2210
5308,2211
13720,2212
25727,2213
9811,2214
9423,2215
13565,2216
16283,2217
2667,2218
26030,2219
27593,2220
5793,2221
23298,2222
12877,2223
8970,2224
17716,2225
24596,2226
22148,2227
17264,2228
4956,2229
12862,2230
26396,2231
26008,2232
4622,2233
6989,2234
6421,2235
13379,2236
24335,2237
24519,2238
13747,2239
11749,2240
8659,2241
8324,2242
4556,2243
27435,2244
18208,2245
19298,2246
11751,2247
2829,2248
14000,2249
25173,2250
7811,2251
1047,2252
17271,2253
22971,2254
6693,2255
19969,2256
16291,2257
9710,2258
25784,2259
13214,2260
16574,2261
22988,2262
10238,2263
502,2264
19498,2265
23541,2266
15705,2267
8405,2268
24905,2269
10254,2270
17349,2271
22297,2272
23272,2273
25282,2274
27701,2275
11384,2276
12023,2277
14246,2278
8383,2279
22815,2280
4903,2281
19738,2282
22589,2283
22100,2284
25374,2285
14683,2286
25452,2287
3549,2288
18015,2289
24394,2290
21414,2291
14329,2292
4150,2293
9241,2294
26407,2295
20914,2296
8860,2297
11039,2298
1601,2299
23857,2300
21125,2301
23216,2302
5338,2303
22331,2304
14611,2305
15108,2306
18190,2307
13061,2308
21314,2309
20849,2310
13444,2311
10319,2312
24718,2313
526,2314
6729,2315
12052,2316
24271,2317
18626,2318
26931,2319
23335,2320
16811,2321
20234,2322
10455,2323
14721,2324
11976,2325
12691,2326
4853,2327
12964,2328
18226,2329
23803,2330
24177,2331
4710,2332
10338,2333
6791,2334
14046,2335
9917,2336
23394,2337
5266,2338
16762,2339
20646,2340
17261,2341
17048,2342
27201,2343
4986,2344
21366,2345
23322,2346
5874,2347
10026,2348
21141,2349
20190,2350
8088,2351
6928,2352
5403,2353
22347,2354
10005,2355
6721,2356
26893,2357
13516,2358
15104,2359
23208,2360
10372,2361
1318,2362
15625,2363
6117,2364
13610,2365
298,2366
5652,2367
22364,2368
8177,2369
260,2370
20820,2371
3333,2372
5117,2373
27164,2374
4044,2375
27132,2376
26713,2377
20347,2378
1289,2379
27336,2380
24576,2381
17670,2382
23445,2383
21709,2384
2814,2385
702,2386
13009,2387
10769,2388
17095,2389
15211,2390
1373,2391
3023,2392
26655,2393
9727,2394
13270,2395
9549,2396
25898,2397
9435,2398
15177,2399
12319,2400
1457,2401
9359,2402
17580,2403
14216,2404
24777,2405
1038,2406
22070,2407
18151,2408
1599,2409
3515,2410
21224,2411
20041,2412
12132,2413
21321,2414
15779,2415
1478,2416
5417,2417
26439,2418
10986,2419
1043,2420
5690,2421
24514,2422
25130,2423
16633,2424
21622,2425
17555,2426
10249,2427
23943,2428
983,2429
22705,2430
26356,2431
8871,2432
22489,2433
25660,2434
24185,2435
22071,2436
19272,2437
5982,2438
14714,2439
10305,2440
21497,2441
24378,2442
8967,2443
7470,2444
16055,2445
3741,2446
15247,2447
8354,2448
528,2449
18066,2450
23707,2451
4870,2452
12185,2453
10492,2454
14112,2455
11202,2456
10421,2457
12073,2458
7787,2459
26970,2460
10183,2461
6993,2462
21302,2463
7549,2464
24845,2465
12104,2466
23534,2467
334,2468
16077,2469
8597,2470
9841,2471
25409,2472
24217,2473
1991,2474
3724,2475
3057,2476
21317,2477
24054,2478
11785,2479
1127,2480
14778,2481
22909,2482
24605,2483
14444,2484
913,2485
9596,2486
18796,2487
10951,2488
735,2489
11374,2490
18803,2491
24473,2492
18738,2493
21314,2494
9323,2495
6306,2496
17766,2497
5667,2498
18295,2499
23046,2500
9509,2501
25012,2502
14318,2503
8283,2504
9466,2505
2634,2506
22575,2507
7749,2508
9631,2509
25359,2510
1301,2511
27643,2512
2584,2513
5011,2514
12163,2515
16728,2516
3264,2517
15227,2518
3122,2519
12377,2520
15068,2521
27803,2522
22864,2523
5636,2524
2822,2525
3841,2526
7067,2527
20636,2528
27636,2529
6054,2530
8448,2531
6255,2532
16902,2533
27,2534
16752,2535
17398,2536
22908,2537
25969,2538
5001,2539
10353,2540
10426,2541
623,2542
11007,2543
7054,2544
19640,2545
1457,2546
4836,2547
2492,2548
24402,2549
13279,2550
3643,2551
25438,2552
8772,2553
10521,2554
11503,2555
16329,2556
17886,2557
10783,2558
25625,2559
22242,2560
10783,2561
10377,2562
3584,2563
12501,2564
2718,2565
26868,2566
24993,2567
5385,2568
8144,2569
20600,2570
14611,2571
22651,2572
19728,2573
26480,2574
20484,2575
19525,2576
14073,2577
7596,2578
15116,2579
10117,2580
12558,2581
24637,2582
17571,2583
10484,2584
17463,2585
17474,2586
12692,2587
16954,2588
23703,2589
17315,2590
8972,2591
23667,2592
23495,2593
26973,2594
14354,2595
6127,2596
4242,2597
17780,2598
27167,2599
23596,2600
27128,2601
17808,2602
2927,2603
10236,2604
9425,2605
25939,2606
918,2607
18975,2608
13836,2609
8240,2610
2749,2611
9506,2612
2103,2613
15594,2614
8988,2615
16761,2616
5530,2617
5031,2618
11025,2619
25305,2620
22233,2621
3524,2622
1810,2623
3055,2624
9702,2625
12764,2626
23057,2627
4830,2628
13973,2629
21107,2630
15270,2631
16512,2632
14822,2633
21983,2634
25018,2635
24941,2636
26899,2637
10728,2638
16901,2639
25459,2640
15181,2641
15816,2642
1736,2643
15402,2644
13326,2645
9865,2646
5444,2647
22017,2648
27459,2649
13853,2650
13902,2651
16122,2652
7793,2653
19494,2654
18491,2655
2694,2656
12693,2657
12200,2658
16802,2659
15710,2660
8006,2661
17014,2662
15722,2663
12395,2664
13515,2665
19233,2666
17186,2667
10555,2668
23538,2669
24735,2670
1515,2671
18643,2672
17124,2673
4245,2674
4025,2675
13012,2676
14766,2677
12904,2678
6846,2679
1497,2680
6822,2681
238,2682
13426,2683
22243,2684
7600,2685
7097,2686
2313,2687
12057,2688
4513,2689
25104,2690
27607,2691
6077,2692
9163,2693
26015,2694
15639,2695
15026,2696
24801,2697
20746,2698
26501,2699
4768,2700
23888,2701
10979,2702
11062,2703
5068,2704
7240,2705
16608,2706
17005,2707
1806,2708
3726,2709
26597,2710
12534,2711
3897,2712
22728,2713
8089,2714
10872,2715
20256,2716
18035,2717
18010,2718
14219,2719
24644,2720
356,2721
20489,2722
12628,2723
20248,2724
18047,2725
2020,2726
7285,2727
13614,2728
7549,2729
1890,2730
2394,2731
14392,2732
23684,2733
19204,2734
14053,2735
8942,2736
10023,2737
1706,2738
16712,2739
18463,2740
10321,2741
15291,2742
27499,2743
11818,2744
19302,2745
14163,2746
20298,2747
17747,2748
3484,2749
21603,2750
11349,2751
18341,2752
13089,2753
12948,2754
19389,2755
25223,2756
6664,2757
10380,2758
11672,2759
27467,2760
21838,2761
15085,2762
12287,2763
8771,2764
6065,2765
3338,2766
20811,2767
14276,2768
3174,2769
19047,2770
19223,2771
27735,2772
25055,2773
17806,2774
19943,2775
3808,2776
22617,2777
2717,2778
23495,2779
8466,2780
13338,2781
25636,2782
21834,2783
26166,2784
14715,2785
6955,2786
24297,2787
13576,2788
2408,2789
23611,2790
25686,2791
18580,2792
18387,2793
3774,2794
19282,2795
3546,2796
20345,2797
15178,2798
25391,2799
25189,2800
7666,2801
5887,2802
19962,2803
14914,2804
16772,2805
16145,2806
24814,2807
23370,2808
3106,2809
19301,2810
15308,2811
17867,2812
89,2813
9271,2814
20676,2815
19305,2816
16017,2817
3739,2818
554,2819
2070,2820
12166,2821
2116,2822
3980,2823
5819,2824
24198,2825
12624,2826
472,2827
12347,2828
17487,2829
15757,2830
10059,2831
21955,2832
17936,2833
23932,2834
23382,2835
1819,2836
13167,2837
5795,2838
4046,2839
4649,2840
22981,2841
9052,2842
296,2843
16567,2844
5854,2845
2066,2846
7215,2847
19569,2848
14126,2849
15107,2850
20828,2851
9415,2852
8985,2853
9681,2854
14645,2855
19223,2856
1497,2857
15393,2858
16591,2859
5443,2860
26196,2861
27320,2862
12336,2863
7398,2864
22438,2865
12474,2866
23986,2867
14133,2868
21415,2869
17367,2870
19613,2871
22180,2872
1321,2873
23425,2874
24150,2875
7591,2876
22178,2877
3077,2878
6137,2879
24140,2880
2647,2881
792,2882
5397,2883
13178,2884
9112,2885
2235,2886
12556,2887
5639,2888
19482,2889
8,2890
10559,2891
14361,2892
2299,2893
14203,2894
4353,2895
4646,2896
3344,2897
21186,2898
22097,2899
76,2900
11362,2901
6165,2902
24250,2903
19254,2904
14428,2905
16774,2906
17421,2907
9348,2908
23618,2909
18145,2910
19816,2911
20702,2912
16545,2913
7409,2914
5558,2915
24861,2916
16945,2917
12854,2918
8951,2919
19377,2920
15935,2921
4974,2922
2255,2923
21018,2924
18740,2925
20909,2926
1600,2927
6215,2928
26614,2929
4971,2930
18787,2931
6282,2932
16890,2933
26755,2934
20604,2935
15953,2936
19202,2937
11374,2938
7671,2939
17750,2940
8294,2941
20714,2942
15417,2943
9514,2944
17149,2945
8485,2946
21286,2947
5100,2948
4757,2949
10045,2950
25510,2951
2715,2952
10685,2953
23712,2954
12190,2955
20638,2956
17635,2957
11276,2958
11800,2959
13462,2960
5350,2961
15048,2962
17749,2963
26955,2964
21792,2965
25213,2966
4891,2967
18264,2968
567,2969
19131,2970
4919,2971
3090,2972
17566,2973
3011,2974
2369,2975
4634,2976
6549,2977
1700,2978
20487,2979
8262,2980
10580,2981
13232,2982
27586,2983
18266,2984
20147,2985
27071,2986
19935,2987
8200,2988
14174,2989
20456,2990
18530,2991
27384,2992
26215,2993
7702,2994
6313,2995
26822,2996
19426,2997
27598,2998
917,2999
17561,3000
14616,3001
25861,3002
5242,3003
25094,3004
23651,3005
6381,3006
5558,3007
14286,3008
9924,3009
1853,3010
20813,3011
320,3012
20605,3013
20549,3014
3412,3015
15582,3016
6632,3017
20594,3018
12911,3019
27453,3020
1605,3021
7987,3022
27415,3023
18553,3024
15461,3025
21469,3026
26837,3027
26631,3028
23716,3029
1713,3030
17639,3031
24849,3032
16260,3033
10326,3034
1345,3035
21254,3036
18818,3037
19541,3038
17678,3039
373,3040
9199,3041
12977,3042
11594,3043
17354,3044
25362,3045
27012,3046
22455,3047
21805,3048
1435,3049
25324,3050
14338,3051
4433,3052
2210,3053
23677,3054
8040,3055
15235,3056
23646,3057
27594,3058
4796,3059
978,3060
3678,3061
3872,3062
13673,3063
729,3064
27510,3065
25834,3066
73,3067
19198,3068
320,3069
22811,3070
14134,3071
11776,3072
22690,3073
7398,3074
21749,3075
25134,3076
27241,3077
21829,3078
22666,3079
5598,3080
12427,3081
9938,3082
6901,3083
5022,3084
13992,3085
18963,3086
9658,3087
3815,3088
16786,3089
9894,3090
902,3091
5522,3092
19550,3093
26755,3094
7784,3095
14773,3096
6832,3097
10725,3098
19070,3099
22352,3100
17890,3101
11498,3102
2709,3103
18742,3104
24866,3105
22980,3106
12,3107
8107,3108
27163,3109
20466,3110
21762,3111
26086,3112
22019,3113
24491,3114
2399,3115
26753,3116
19941,3117
26698,3118
5785,3119
3008,3120
8137,3121
23763,3122
25296,3123
5288,3124
4385,3125
21050,3126
1688,3127
22554,3128
3522,3129
22905,3130
6977,3131
13758,3132
5732,3133
26221,3134
24569,3135
4474,3136
12083,3137
17060,3138
7970,3139
9720,3140
18192,3141
20254,3142
1798,3143
27269,3144
19886,3145
7423,3146
7126,3147
20021,3148
4245,3149
14223,3150
23808,3151
5996,3152
2285,3153
11878,3154
25512,3155
15786,3156
25308,3157
7465,3158
21027,3159
11114,3160
13162,3161
8629,3162
20824,3163
22475,3164
10756,3165
23367,3166
23189,3167
8063,3168
19673,3169
5395,3170
2963,3171
12858,3172
13919,3173
18553,3174
23130,3175
870,3176
14830,3177
16618,3178
22006,3179
27465,3180
3253,3181
21442,3182
3482,3183
12927,3184
1797,3185
16135,3186
20432,3187
836,3188
23400,3189
1050,3190
24265,3191
12352,3192
6866,3193
23127,3194
21103,3195
2276,3196
10669,3197
2733,3198
26095,3199
7533,3200
6938,3201
13422,3202
17223,3203
21880,3204
365,3205
10063,3206
11664,3207
17097,3208
25792,3209
22516,3210
21875,3211
24436,3212
24372,3213
27798,3214
23861,3215
14766,3216
20826,3217
7257,3218
18742,3219
27583,3220
5435,3221
25882,3222
13182,3223
12137,3224
23089,3225
13287,3226
7454,3227
23168,3228
17085,3229
3108,3230
27695,3231
4482,3232
27166,3233
6660,3234
10289,3235
12574,3236
6071,3237
18896,3238
25751,3239
12108,3240
24207,3241
14042,3242
25129,3243
16670,3244
27516,3245
20832,3246
8862,3247
11885,3248
22249,3249
27220,3250
27756,3251
11389,3252
20125,3253
25492,3254
11283,3255
5405,3256
16134,3257
24385,3258
22279,3259
24967,3260
18739,3261
21378,3262
18091,3263
4451,3264
15312,3265
22711,3266
6437,3267
283,3268
12297,3269
26370,3270
1733,3271
27322,3272
22333,3273
260,3274
3495,3275
5886,3276
24736,3277
16092,3278
23711,3279
11821,3280
786,3281
4955,3282
13581,3283
23787,3284
2275,3285
2673,3286
21359,3287
2594,3288
17471,3289
24476,3290
22274,3291
22722,3292
15080,3293
22000,3294
18837,3295
4240,3296
27525,3297
4334,3298
16608,3299
3766,3300
9202,3301
16982,3302
6927,3303
10787,3304
1700,3305
18982,3306
21192,3307
17944,3308
19968,3309
570,3310
22214,3311
6157,3312
17461,3313
23899,3314
7263,3315
23465,3316
13184,3317
27227,3318
17800,3319
15226,3320
25959,3321
13797,3322
7165,3323
13221,3324
1202,3325
9045,3326
14434,3327
13984,3328
14926,3329
968,3330
22907,3331
16006,3332
3372,3333
3527,3334
26884,3335
14776,3336
15350,3337
13301,3338
19572,3339
26729,3340
11335,3341
22116,3342
18076,3343
9984,3344
18558,3345
12575,3346
23243,3347
11287,3348
15291,3349
395,3350
1472,3351
20631,3352
16233,3353
2095,3354
16374,3355
27480,3356
15333,3357
21772,3358
1990,3359
2768,3360
21426,3361
15709,3362
25656,3363
9779,3364
4479,3365
3554,3366
9830,3367
11063,3368
18957,3369
20930,3370
25802,3371
24023,3372
412,3373
7755,3374
12916,3375
24889,3376
23021,3377
26042,3378
12570,3379
25438,3380
15248,3381
10177,3382
5943,3383
17047,3384
9657,3385
20711,3386
21400,3387
23347,3388
26447,3389
25930,3390
20034,3391
18019,3392
27022,3393
26087,3394
13994,3395
5779,3396
18907,3397
22775,3398
1494,3399
19007,3400
14780,3401
9031,3402
7018,3403
12906,3404
8434,3405
6037,3406
14648,3407
8891,3408
10926,3409
5987,3410
17707,3411
4476,3412
19310,3413
26248,3414
27225,3415
2247,3416
13202,3417
2584,3418
19805,3419
7509,3420
23462,3421
6649,3422
17442,3423
5990,3424
20484,3425
11789,3426
26828,3427
8674,3428
22511,3429
17617,3430
8818,3431
18142,3432
7911,3433
21847,3434
9488,3435
8105,3436
16044,3437
19248,3438
7204,3439
20173,3440
13553,3441
20476,3442
620,3443
18832,3444
23476,3445
18923,3446
16096,3447
14732,3448
20885,3449
2879,3450
24921,3451
25418,3452
173,3453
12678,3454
7373,3455
676,3456
23392,3457
17141,3458
26113,3459
5722,3460
23754,3461
3764,3462
9650,3463
6748,3464
25096,3465
1624,3466
26673,3467
15496,3468
21208,3469
9416,3470
10631,3471
6282,3472
15767,3473
10135,3474
11482,3475
8738,3476
10582,3477
1656,3478
16395,3479
15040,3480
22158,3481
9481,3482
6894,3483
19133,3484
2744,3485
12930,3486
5713,3487
13809,3488
9889,3489
25903,3490
27324,3491
138,3492
22567,3493
4801,3494
25004,3495
11764,3496
1476,3497
5759,3498
13264,3499
18555,3500
20673,3501
22481,3502
9098,3503
17372,3504
4379,3505
13999,3506
2862,3507
1815,3508
9961,3509
24872,3510
4404,3511
24261,3512
17251,3513
10684,3514
7527,3515
25796,3516
17316,3517
10225,3518
4271,3519
15223,3520
233,3521
9843,3522
14436,3523
23617,3524
3967,3525
7821,3526
3625,3527
22235,3528
7945,3529
13817,3530
17396,3531
27366,3532
26175,3533
13564,3534
24897,3535
9305,3536
23459,3537
13016,3538
12335,3539
3942,3540
25022,3541
9921,3542
13241,3543
19247,3544
11662,3545
14235,3546
11808,3547
21575,3548
3593,3549
22968,3550
6540,3551
3598,3552
22262,3553
12074,3554
887,3555
16774,3556
22048,3557
9395,3558
19377,3559
13120,3560
12768,3561
19557,3562
13948,3563
23371,3564
4188,3565
12848,3566
4743,3567
15190,3568
14155,3569
2960,3570
18373,3571
8296,3572
23392,3573
7071,3574
13954,3575
1614,3576
17592,3577
17699,3578
21037,3579
22812,3580
18811,3581
18156,3582
14806,3583
723,3584
24202,3585
14901,3586
14071,3587
22395,3588
12858,3589
12887,3590
2870,3591
3868,3592
11618,3593
18687,3594
22855,3595
22276,3596
17256,3597
20358,3598
18904,3599
17999,3600
22936,3601
18681,3602
25639,3603
11348,3604
17431,3605
15555,3606
26010,3607
18075,3608
6726,3609
13600,3610
21680,3611
27292,3612
14965,3613
18175,3614
24191,3615
24916,3616
16876,3617
9244,3618
3370,3619
24177,3620
3514,3621
4907,3622
8368,3623
12720,3624
25542,3625
3565,3626
11922,3627
4898,3628
10810,3629
18911,3630
22370,3631
24779,3632
27508,3633
26270,3634
18200,3635
8000,3636
12662,3637
5212,3638
12287,3639
20900,3640
8994,3641
1497,3642
16788,3643
18067,3644
4488,3645
19909,3646
23666,3647
15779,3648
412,3649
15419,3650
5380,3651
14850,3652
22405,3653
22140,3654
14933,3655
17952,3656
22459,3657
20469,3658
1232,3659
21785,3660
24019,3661
21827,3662
12273,3663
8789,3664
19934,3665
16828,3666
3107,3667
21485,3668
18772,3669
697,3670
3474,3671
13378,3672
23639,3673
7025,3674
8755,3675
2044,3676
10415,3677
4219,3678
4003,3679
16159,3680
9128,3681
27442,3682
10242,3683
15650,3684
16343,3685
2677,3686
12587,3687
9503,3688
12443,3689
11372,3690
7671,3691
26735,3692
18310,3693
16368,3694
25413,3695
25419,3696
13285,3697
23761,3698
5321,3699
1183,3700
11947,3701
5798,3702
6963,3703
7593,3704
20657,3705
24460,3706
16827,3707
27720,3708
23512,3709
7976,3710
490,3711
27388,3712
24346,3713
19898,3714
1738,3715
19323,3716
24920,3717
5773,3718
12006,3719
19736,3720
10926,3721
24138,3722
24208,3723
23131,3724
18707,3725
25349,3726
3710,3727
1392,3728
27438,3729
7998,3730
13969,3731
5451,3732
15388,3733
18128,3734
6116,3735
16958,3736
4800,3737
21855,3738
18157,3739
15220,3740
21957,3741
8419,3742
3566,3743
10502,3744
5367,3745
17376,3746
4355,3747
23496,3748
342,3749
21470,3750
5552,3751
22130,3752
8863,3753
12589,3754
6128,3755
22582,3756
11865,3757
8868,3758
275,3759
3620,3760
26215,3761
416,3762
18983,3763
2120,3764
19932,3765
22958,3766
22100,3767
85,3768
3109,3769
8731,3770
7024,3771
10378,3772
25791,3773
9093,3774
15436,3775
5646,3776
10829,3777
4018,3778
26072,3779
15390,3780
23491,3781
9613,3782
18680,3783
3748,3784
5445,3785
4997,3786
3249,3787
10525,3788
17897,3789
23241,3790
3156,3791
14501,3792
503,3793
965,3794
26870,3795
9620,3796
22864,3797
21818,3798
15826,3799
6250,3800
3796,3801
27308,3802
5396,3803
879,3804
19278,3805
21525,3806
2420,3807
8162,3808
21142,3809
6853,3810
8092,3811
19094,3812
26441,3813
1443,3814
1453,3815
16863,3816
19968,3817
1465,3818
21022,3819
2182,3820
2309,3821
25405,3822
16282,3823
20034,3824
2711,3825
23765,3826
25,3827
22597,3828
18052,3829
12421,3830
19303,3831
21947,3832
13290,3833
11658,3834
24836,3835
17409,3836
19259,3837
26034,3838
21079,3839
18473,3840
18133,3841
19253,3842
3985,3843
10765,3844
22422,3845
13483,3846
5073,3847
15080,3848
27238,3849
17297,3850
27623,3851
22063,3852
17337,3853
17956,3854
8331,3855
21470,3856
21346,3857
10135,3858
25441,3859
109,3860
20853,3861
3358,3862
23670,3863
19032,3864
9016,3865
15283,3866
7547,3867
19304,3868
11411,3869
22920,3870
17630,3871
15501,3872
16030,3873
14753,3874
4293,3875
7610,3876
9074,3877
23997,3878
3886,3879
2278,3880
11138,3881
22085,3882
23604,3883
6999,3884
16571,3885
6484,3886
7581,3887
26106,3888
1566,3889
26631,3890
17665,3891
27595,3892
16545,3893
7936,3894
13231,3895
9815,3896
10352,3897
748,3898
24625,3899
9607,3900
4702,3901
7185,3902
23592,3903
20450,3904
15977,3905
23434,3906
18352,3907
24794,3908
17676,3909
12013,3910
2393,3911
21665,3912
25160,3913
24790,3914
7266,3915
21988,3916
10188,3917
19479,3918
9072,3919
17224,3920
11722,3921
25131,3922
12639,3923
13102,3924
26938,3925
17154,3926
6424,3927
25694,3928
17503,3929
25559,3930
8566,3931
18041,3932
9362,3933
5814,3934
24710,3935
710,3936
23114,3937
20621,3938
24021,3939
11489,3940
2489,3941
3293,3942
10194,3943
12758,3944
9629,3945
26733,3946
2608,3947
10297,3948
4704,3949
23963,3950
27740,3951
14401,3952
27557,3953
26977,3954
23589,3955
2196,3956
17095,3957
7447,3958
20331,3959
19319,3960
12939,3961
17889,3962
21029,3963
7513,3964
21815,3965
10785,3966
3672,3967
3155,3968
14996,3969
17166,3970
7799,3971
16330,3972
15121,3973
12034,3974
23867,3975
8984,3976
5163,3977
9351,3978
10796,3979
23212,3980
5275,3981
14910,3982
19488,3983
1743,3984
1429,3985
8185,3986
15096,3987
27114,3988
3656,3989
10986,3990
14338,3991
23954,3992
25399,3993
4163,3994
27054,3995
10030,3996
16559,3997
2449,3998
17577,3999
16333,4000
386,4001
17665,4002
11874,4003
26140,4004
24350,4005
17325,4006
15816,4007
8561,4008
11605,4009
12317,4010
24208,4011
11850,4012
24964,4013
390,4014
3835,4015
2095,4016
21889,4017
14071,4018
23140,4019
18493,4020
3266,4021
26095,4022
7569,4023
13938,4024
6206,4025
9912,4026
9891,4027
19294,4028
610,4029
7668,4030
4302,4031
6451,4032
1571,4033
13418,4034
21302,4035
6257,4036
20974,4037
2166,4038
13474,4039
19169,4040
20745,4041
23978,4042
19610,4043
15196,4044
17528,4045
21474,4046
26692,4047
19173,4048
7524,4049
2755,4050
4045,4051
2097,4052
15773,4053
18041,4054
8646,4055
22342,4056
18389,4057
23205,4058
9376,4059
1489,4060
19287,4061
25875,4062
12902,4063
15914,4064
15836,4065
10158,4066
24970,4067
3422,4068
18376,4069
27249,4070
18630,4071
26149,4072
378,4073
17762,4074
13913,4075
21433,4076
11807,4077
12256,4078
18858,4079
14462,4080
19470,4081
1492,4082
24042,4083
24441,4084
14365,4085
10190,4086
7999,4087
15325,4088
15683,4089
20625,4090
409,4091
24233,4092
2112,4093
17693,4094
23875,4095
18566,4096
