20699,1
22615,2
5020,3
23425,4
5598,5
21902,6
17887,7
18173,8
7933,9
24593,10
7604,11
23859,12
16431,13
26861,14
21924,15
2293,16
17080,17
7056,18
9109,19
24064,20
12630,21
874,22
2925,23
21277,24
27643,25
19701,26
4700,27
27279,28
17843,29
15368,30
11762,31
14094,32
14736,33
15150,34
23647,35
1608,36
1785,37
10084,38
8595,39
3956,40
23255,41
12697,42
10029,43
19084,44
6209,45
15191,46
9527,47
15592,48
12107,49
17673,50
8238,51
5820,52
10779,53
22853,54
11740,55
9230,56
14715,57
21084,58
12545,59
6595,60
19058,61
17107,62
19193,63
1279,64
1164,65
21855,66
14816,67
11211,68
17569,69
10546,70
25158,71
20320,72
2091,73
20950,74
12814,75
9633,76
23970,77
26639,78
9498,79
26694,80
4816,81
27008,82
26564,83
4481,84
2443,85
1310,86
15526,87
14341,88
1084,89
8882,90
10363,91
22244,92
15263,93
1409,94
16776,95
19951,96
16674,97
15452,98
27654,99
4739,100
13265,101
24643,102
13888,103
21760,104
15647,105
22707,106
6349,107
25359,108
9561,109
14953,110
2435,111
23073,112
23902,113
20453,114
11829,115
2576,116
25320,117
11334,118
15547,119
10862,120
17228,121
23748,122
7633,123
8696,124
9748,125
21379,126
7275,127
15037,128
15846,129
7015,130
27162,131
26552,132
26763,133
24133,134
16913,135
422,136
156,137
15974,138
18370,139
15791,140
6833,141
13315,142
4832,143
25589,144
20141,145
24320,146
20623,147
17319,148
9888,149
26692,150
8588,151
25207,152
15850,153
26666,154
5196,155
3622,156
5819,157
3146,158
23770,159
25420,160
13360,161
4186,162
24693,163
23794,164
21166,165
11054,166
21990,167
23811,168
5098,169
18108,170
16770,171
3425,172
6062,173
8266,174
24897,175
23680,176
25985,177
25818,178
4758,179
12329,180
5890,181
24885,182
20984,183
24210,184
26257,185
22267,186
26664,187
12690,188
5630,189
26447,190
19435,191
25281,192
10701,193
4133,194
20738,195
25740,196
17437,197
1133,198
13903,199
1407,200
3467,201
11865,202
14010,203
21508,204
15773,205
15223,206
25324,207
903,208
16226,209
11204,210
21694,211
10942,212
26504,213
15746,214
10560,215
4981,216
9811,217
22244,218
17766,219
20349,220
15966,221
429,222
14526,223
22638,224
13243,225
21282,226
10277,227
24245,228
11549,229
14144,230
5015,231
14344,232
14870,233
9617,234
11641,235
3170,236
2486,237
21912,238
4238,239
23062,240
25875,241
10886,242
7003,243
21842,244
10675,245
21367,246
25786,247
8290,248
403,249
15732,250
2890,251
7559,252
5366,253
13753,254
62,255
25812,256
26474,257
10768,258
22881,259
156,260
9820,261
15610,262
17158,263
12501,264
13114,265
13303,266
7391,267
11179,268
4244,269
22179,270
27484,271
27398,272
24737,273
12450,274
26508,275
27241,276
14851,277
7377,278
10401,279
27681,280
1617,281
2245,282
26130,283
4281,284
7229,285
24300,286
15300,287
16842,288
3558,289
21281,290
2941,291
12304,292
15571,293
4481,294
14854,295
19058,296
7588,297
9129,298
9204,299
1937,300
849,301
1134,302
17611,303
8033,304
21387,305
19665,306
7038,307
5830,308
22393,309
15807,310
4273,311
8961,312
2073,313
3758,314
15869,315
9886,316
7421,317
727,318
9706,319
15271,320
22306,321
21205,322
2703,323
15375,324
22753,325
24353,326
12336,327
8327,328
20377,329
24840,330
621,331
13527,332
13485,333
10670,334
22508,335
13714,336
7254,337
7215,338
2465,339
18286,340
10177,341
26843,342
17540,343
23468,344
25527,345
327,346
17788,347
3938,348
5672,349
15360,350
17749,351
9854,352
24188,353
9753,354
20782,355
18412,356
16510,357
14796,358
20677,359
12988,360
14705,361
27105,362
24330,363
27038,364
16660,365
1674,366
18290,367
13479,368
18889,369
21416,370
21789,371
21674,372
22159,373
22182,374
22924,375
3395,376
21086,377
11684,378
17742,379
19533,380
505,381
10371,382
6973,383
8438,384
5207,385
23844,386
14465,387
14,388
8515,389
3306,390
1871,391
15819,392
24980,393
20489,394
22419,395
1670,396
23931,397
24673,398
25006,399
19533,400
12540,401
9824,402
3204,403
24467,404
27438,405
27528,406
10610,407
12391,408
10628,409
18955,410
21835,411
1155,412
8924,413
15800,414
11079,415
11380,416
19074,417
12888,418
2381,419
25121,420
23628,421
26156,422
24509,423
15223,424
15724,425
14359,426
17250,427
219,428
13745,429
20333,430
6844,431
22428,432
23736,433
19269,434
17564,435
26076,436
7724,437
23008,438
22271,439
22589,440
20725,441
4548,442
4421,443
3135,444
9631,445
13047,446
19709,447
19720,448
20497,449
26399,450
7285,451
7285,452
10104,453
571,454
9317,455
14286,456
25524,457
24534,458
21228,459
15642,460
1265,461
6208,462
1740,463
16618,464
154,465
11561,466
6105,467
18943,468
23939,469
27376,470
25206,471
4464,472
21524,473
26797,474
2083,475
5801,476
4426,477
27770,478
14201,479
22499,480
21299,481
19273,482
5796,483
6192,484
6996,485
20965,486
9957,487
16783,488
12056,489
26285,490
9125,491
27017,492
5918,493
20167,494
7681,495
5155,496
2911,497
19813,498
25616,499
25384,500
11729,501
22339,502
15883,503
23635,504
11599,505
23508,506
19927,507
16618,508
3133,509
7281,510
10311,511
18837,512
3217,513
25488,514
24118,515
3837,516
12647,517
22574,518
275,519
2331,520
9936,521
25504,522
8591,523
6854,524
25897,525
15180,526
14994,527
11337,528
25530,529
5859,530
60,531
2365,532
996,533
22856,534
19203,535
10955,536
26341,537
11726,538
434,539
11460,540
15485,541
10767,542
24456,543
19154,544
4502,545
5097,546
18260,547
21309,548
26970,549
8168,550
2169,551
19721,552
17461,553
25605,554
2969,555
18766,556
19614,557
11296,558
17775,559
13894,560
14494,561
2678,562
7461,563
3472,564
8727,565
15361,566
11300,567
12241,568
14275,569
16403,570
21712,571
21853,572
22144,573
17164,574
19107,575
25537,576
18824,577
4024,578
11464,579
20088,580
17259,581
3656,582
25770,583
9136,584
1520,585
1374,586
7890,587
16227,588
5335,589
4325,590
4471,591
344,592
7975,593
13509,594
17619,595
14168,596
22184,597
14167,598
16130,599
76,600
26187,601
6020,602
2196,603
6728,604
8298,605
18061,606
21968,607
19060,608
12347,609
14958,610
16139,611
4931,612
2180,613
20638,614
16569,615
20612,616
20687,617
18799,618
15805,619
9765,620
914,621
20498,622
11016,623
27302,624
3461,625
1352,626
26061,627
16450,628
16849,629
13588,630
14370,631
26219,632
21920,633
1982,634
24026,635
9179,636
4196,637
6318,638
1858,639
9665,640
3380,641
12026,642
18352,643
22488,644
3678,645
25914,646
4145,647
22349,648
21592,649
376,650
3069,651
18651,652
26113,653
11245,654
14091,655
9684,656
26970,657
24432,658
306,659
4838,660
9138,661
2631,662
26098,663
19501,664
17797,665
340,666
23844,667
14316,668
21422,669
27251,670
1789,671
9581,672
9935,673
20228,674
24890,675
34,676
5842,677
1352,678
7585,679
21853,680
3715,681
25684,682
27396,683
1738,684
627,685
5178,686
25970,687
17363,688
14577,689
17153,690
27715,691
9324,692
4826,693
14447,694
5793,695
7752,696
18543,697
11679,698
18850,699
8698,700
23917,701
14327,702
945,703
13687,704
4248,705
24984,706
6042,707
8236,708
4130,709
10725,710
3468,711
27181,712
24310,713
27169,714
26405,715
17699,716
10558,717
16771,718
1686,719
22666,720
6754,721
22885,722
25409,723
14043,724
10054,725
15890,726
22336,727
13018,728
11774,729
24538,730
6143,731
18927,732
17186,733
21079,734
6052,735
14640,736
13276,737
27668,738
12179,739
2570,740
5945,741
23227,742
12027,743
15148,744
15619,745
21204,746
12393,747
2931,748
25704,749
17601,750
3388,751
16296,752
15998,753
16623,754
13245,755
21929,756
21463,757
26483,758
1075,759
9332,760
25049,761
3596,762
8041,763
18150,764
5417,765
15096,766
10678,767
24952,768
3697,769
24669,770
19209,771
16572,772
10347,773
22011,774
23425,775
17703,776
26146,777
12422,778
23817,779
1311,780
13096,781
25772,782
10186,783
18974,784
12625,785
12655,786
4466,787
15096,788
23296,789
21882,790
1149,791
26472,792
23035,793
6022,794
13132,795
6358,796
11167,797
12623,798
17090,799
22597,800
24120,801
21213,802
3452,803
572,804
22526,805
8454,806
14400,807
20615,808
23975,809
16232,810
294,811
11609,812
1870,813
7639,814
12997,815
16631,816
939,817
12339,818
14530,819
5589,820
19243,821
11133,822
27067,823
10414,824
6267,825
26729,826
7684,827
14213,828
18588,829
25472,830
9453,831
14799,832
20568,833
24332,834
23448,835
1046,836
19620,837
13370,838
27475,839
8144,840
12911,841
4856,842
26049,843
8704,844
16056,845
8939,846
5126,847
13759,848
18936,849
14456,850
21271,851
9668,852
15640,853
9652,854
14070,855
24414,856
5638,857
17403,858
14023,859
2604,860
7012,861
14891,862
17396,863
25349,864
20397,865
14973,866
2862,867
13253,868
6890,869
3954,870
6863,871
14661,872
16535,873
27165,874
24177,875
27348,876
14325,877
14811,878
7596,879
10309,880
5921,881
4694,882
15437,883
1241,884
11605,885
19157,886
15087,887
12133,888
418,889
23718,890
24623,891
19410,892
19301,893
19213,894
19701,895
5460,896
17296,897
10484,898
20845,899
7651,900
25247,901
20120,902
2804,903
16381,904
13612,905
1793,906
13988,907
2637,908
3523,909
11405,910
18022,911
13332,912
10762,913
7709,914
2558,915
11275,916
23945,917
14553,918
5365,919
12626,920
10063,921
23631,922
26575,923
1735,924
14693,925
10403,926
21769,927
1822,928
2272,929
22822,930
25417,931
18887,932
26693,933
11932,934
21376,935
24697,936
19465,937
17702,938
13819,939
6717,940
20121,941
26644,942
22037,943
27783,944
17795,945
7096,946
11776,947
11709,948
7776,949
21188,950
27712,951
20790,952
26139,953
22883,954
5199,955
2182,956
6673,957
7805,958
1015,959
25749,960
1579,961
23712,962
26513,963
19281,964
6970,965
17655,966
20283,967
19621,968
7477,969
2170,970
6418,971
19736,972
7400,973
11099,974
11683,975
26454,976
2146,977
11352,978
395,979
967,980
6559,981
4413,982
11025,983
21608,984
6812,985
18423,986
10215,987
4997,988
13138,989
4201,990
26050,991
12687,992
10389,993
181,994
17909,995
21715,996
6130,997
15080,998
22825,999
1406,1000
4374,1001
7459,1002
22490,1003
13612,1004
5443,1005
3871,1006
10737,1007
10288,1008
19795,1009
15556,1010
15643,1011
12997,1012
3207,1013
16354,1014
12866,1015
3537,1016
17314,1017
24394,1018
6427,1019
27212,1020
13520,1021
10046,1022
21331,1023
11131,1024
16817,1025
17037,1026
17331,1027
22639,1028
4834,1029
2260,1030
16364,1031
21312,1032
25622,1033
3925,1034
8762,1035
14956,1036
14423,1037
27372,1038
23587,1039
20024,1040
26542,1041
25623,1042
1896,1043
22041,1044
601,1045
15958,1046
24077,1047
6650,1048
15888,1049
21654,1050
9410,1051
4304,1052
24092,1053
21237,1054
11468,1055
17008,1056
5097,1057
8244,1058
2289,1059
7632,1060
22242,1061
1771,1062
24586,1063
24679,1064
17785,1065
13753,1066
8850,1067
8097,1068
3853,1069
16857,1070
18855,1071
15773,1072
9786,1073
6082,1074
4155,1075
21195,1076
25634,1077
1862,1078
2811,1079
10900,1080
8157,1081
25471,1082
5703,1083
16469,1084
13372,1085
21636,1086
11011,1087
9661,1088
21329,1089
20144,1090
19698,1091
19536,1092
26213,1093
16311,1094
19872,1095
6823,1096
2462,1097
1393,1098
17421,1099
11907,1100
12222,1101
7164,1102
3391,1103
13791,1104
16031,1105
1647,1106
16977,1107
24498,1108
1178,1109
13178,1110
26733,1111
25967,1112
13811,1113
21139,1114
18985,1115
21341,1116
19141,1117
20353,1118
4592,1119
22577,1120
23717,1121
16731,1122
24396,1123
11091,1124
17298,1125
19067,1126
9457,1127
9043,1128
4740,1129
21191,1130
8128,1131
24538,1132
3318,1133
20540,1134
19806,1135
7756,1136
18511,1137
15486,1138
7212,1139
20362,1140
14290,1141
26007,1142
7268,1143
21236,1144
12430,1145
17773,1146
16367,1147
10757,1148
22142,1149
12565,1150
17451,1151
26445,1152
17828,1153
25554,1154
2661,1155
10380,1156
8447,1157
6633,1158
17321,1159
10357,1160
16402,1161
10507,1162
24121,1163
2925,1164
7566,1165
17034,1166
11917,1167
8232,1168
14211,1169
5662,1170
27093,1171
15373,1172
7437,1173
23747,1174
22546,1175
1739,1176
7486,1177
25635,1178
16274,1179
7632,1180
21379,1181
2894,1182
26067,1183
13785,1184
4156,1185
12506,1186
19276,1187
15179,1188
11685,1189
3278,1190
17416,1191
20831,1192
21691,1193
6864,1194
25245,1195
16066,1196
20066,1197
18666,1198
3020,1199
5646,1200
16617,1201
27558,1202
617,1203
1624,1204
4992,1205
18726,1206
17755,1207
7645,1208
13883,1209
12603,1210
8637,1211
14177,1212
5149,1213
7931,1214
14778,1215
7129,1216
16056,1217
13821,1218
21284,1219
5470,1220
3920,1221
16543,1222
12872,1223
15022,1224
2229,1225
10576,1226
20257,1227
15981,1228
16801,1229
18114,1230
3047,1231
23657,1232
27612,1233
21776,1234
17384,1235
14418,1236
13007,1237
25193,1238
12946,1239
9467,1240
24636,1241
6628,1242
21073,1243
22678,1244
12430,1245
10104,1246
11541,1247
18531,1248
25600,1249
24772,1250
10169,1251
18524,1252
10932,1253
27606,1254
10937,1255
11409,1256
4492,1257
21161,1258
11349,1259
4899,1260
5611,1261
5565,1262
6094,1263
12622,1264
16319,1265
26071,1266
21647,1267
2278,1268
9356,1269
11438,1270
11939,1271
4872,1272
12311,1273
10491,1274
25170,1275
5422,1276
6591,1277
1910,1278
19422,1279
16033,1280
23221,1281
6538,1282
26356,1283
8487,1284
3672,1285
16399,1286
4866,1287
19736,1288
19602,1289
25097,1290
1237,1291
14755,1292
687,1293
2525,1294
22711,1295
279,1296
16131,1297
4966,1298
8832,1299
9784,1300
24247,1301
25711,1302
1583,1303
11210,1304
20833,1305
6942,1306
16570,1307
22799,1308
6305,1309
9295,1310
10649,1311
8300,1312
20892,1313
11248,1314
1624,1315
18783,1316
23958,1317
21480,1318
18368,1319
23120,1320
9094,1321
18328,1322
7196,1323
10223,1324
4033,1325
19158,1326
7912,1327
26928,1328
6229,1329
19975,1330
6557,1331
5866,1332
5241,1333
23219,1334
13591,1335
9386,1336
13993,1337
26393,1338
18576,1339
4684,1340
957,1341
10763,1342
11037,1343
24996,1344
6640,1345
8116,1346
7762,1347
27794,1348
11256,1349
12223,1350
17982,1351
22720,1352
21054,1353
7926,1354
26440,1355
21150,1356
21669,1357
18578,1358
18591,1359
4151,1360
22512,1361
17506,1362
6988,1363
24933,1364
22885,1365
5943,1366
26480,1367
5910,1368
8965,1369
26919,1370
9300,1371
11466,1372
12045,1373
2463,1374
24524,1375
20676,1376
17236,1377
22388,1378
11657,1379
23943,1380
25704,1381
18202,1382
27045,1383
5938,1384
7347,1385
20694,1386
8456,1387
3876,1388
3385,1389
27126,1390
16408,1391
25368,1392
25217,1393
12990,1394
17377,1395
9077,1396
10607,1397
2576,1398
13508,1399
18478,1400
22133,1401
3669,1402
22595,1403
1534,1404
22496,1405
14617,1406
20273,1407
8093,1408
23204,1409
3181,1410
26634,1411
4309,1412
5373,1413
15286,1414
24159,1415
4990,1416
9267,1417
7505,1418
1113,1419
15374,1420
11875,1421
1335,1422
11299,1423
16017,1424
23750,1425
3910,1426
6320,1427
18707,1428
12064,1429
27594,1430
25347,1431
12887,1432
21873,1433
21801,1434
5686,1435
22788,1436
24156,1437
23680,1438
10142,1439
3806,1440
15407,1441
4142,1442
20477,1443
7999,1444
3192,1445
13312,1446
15451,1447
23402,1448
16472,1449
4842,1450
25678,1451
5060,1452
9557,1453
7724,1454
17298,1455
2402,1456
13821,1457
997,1458
23809,1459
5245,1460
18348,1461
19487,1462
1670,1463
13752,1464
27307,1465
6118,1466
17418,1467
21831,1468
16629,1469
10472,1470
21887,1471
8544,1472
15182,1473
9577,1474
25055,1475
17445,1476
13732,1477
11696,1478
2554,1479
25065,1480
27513,1481
25228,1482
14385,1483
2837,1484
13809,1485
20250,1486
15306,1487
26025,1488
4955,1489
10773,1490
22363,1491
7851,1492
6793,1493
8378,1494
6761,1495
27515,1496
19377,1497
10356,1498
16379,1499
21583,1500
13053,1501
25268,1502
23694,1503
22337,1504
8000,1505
17790,1506
2641,1507
5675,1508
1576,1509
17591,1510
13164,1511
13662,1512
6083,1513
10225,1514
5213,1515
8223,1516
8910,1517
2780,1518
6233,1519
9251,1520
27140,1521
25041,1522
18791,1523
23446,1524
14534,1525
12540,1526
27193,1527
228,1528
25702,1529
20725,1530
17440,1531
27791,1532
25036,1533
9589,1534
22512,1535
10976,1536
23109,1537
20146,1538
25047,1539
18350,1540
20074,1541
15401,1542
27305,1543
7822,1544
11065,1545
12828,1546
9943,1547
25458,1548
3959,1549
26313,1550
15479,1551
17216,1552
5405,1553
17329,1554
12644,1555
22695,1556
24380,1557
25279,1558
26705,1559
4719,1560
17744,1561
16653,1562
4997,1563
25903,1564
26726,1565
14218,1566
2486,1567
18460,1568
25488,1569
14892,1570
14817,1571
12491,1572
3359,1573
26650,1574
21790,1575
23224,1576
27657,1577
25336,1578
393,1579
22156,1580
14329,1581
3872,1582
20947,1583
26166,1584
2824,1585
1893,1586
22847,1587
766,1588
24470,1589
8772,1590
8034,1591
17637,1592
9566,1593
10672,1594
20002,1595
12704,1596
9259,1597
7085,1598
9387,1599
8334,1600
9393,1601
124,1602
21687,1603
8031,1604
10227,1605
9974,1606
21620,1607
6042,1608
91,1609
8810,1610
12822,1611
6117,1612
22267,1613
16277,1614
27039,1615
4628,1616
25570,1617
16262,1618
20058,1619
7224,1620
19269,1621
6076,1622
26080,1623
9298,1624
24519,1625
11847,1626
3688,1627
7099,1628
14347,1629
21776,1630
19534,1631
17845,1632
15436,1633
1513,1634
5483,1635
23865,1636
2255,1637
18321,1638
19308,1639
23599,1640
10338,1641
12908,1642
9042,1643
25683,1644
54,1645
5326,1646
6572,1647
1523,1648
1771,1649
27305,1650
5009,1651
16045,1652
19716,1653
9839,1654
13392,1655
12689,1656
13257,1657
23951,1658
9729,1659
12229,1660
7981,1661
7124,1662
10316,1663
13179,1664
15590,1665
23562,1666
15262,1667
20853,1668
18159,1669
1615,1670
12379,1671
17066,1672
18865,1673
24610,1674
22528,1675
10208,1676
23540,1677
2245,1678
16486,1679
18785,1680
17553,1681
11098,1682
10379,1683
25024,1684
12506,1685
4795,1686
1878,1687
4774,1688
1163,1689
22796,1690
6254,1691
12349,1692
11348,1693
17424,1694
9854,1695
1911,1696
27586,1697
7815,1698
13918,1699
18609,1700
21433,1701
5665,1702
20019,1703
6022,1704
1630,1705
18530,1706
5627,1707
6759,1708
3343,1709
1612,1710
14628,1711
2157,1712
3929,1713
11926,1714
26198,1715
23113,1716
19755,1717
17215,1718
17802,1719
17203,1720
20269,1721
23923,1722
18491,1723
4466,1724
16241,1725
20317,1726
14592,1727
13368,1728
13819,1729
20466,1730
15612,1731
24604,1732
5192,1733
16544,1734
23251,1735
21896,1736
10604,1737
14189,1738
17380,1739
6683,1740
6924,1741
9065,1742
17170,1743
5771,1744
14560,1745
13600,1746
15629,1747
20316,1748
26573,1749
4465,1750
11535,1751
3719,1752
20328,1753
18226,1754
300,1755
9113,1756
18648,1757
17491,1758
25054,1759
2536,1760
9653,1761
2026,1762
7705,1763
25830,1764
20546,1765
6558,1766
23289,1767
20555,1768
18808,1769
1203,1770
1214,1771
1574,1772
3694,1773
12546,1774
12719,1775
2206,1776
9957,1777
12368,1778
21112,1779
1117,1780
26822,1781
1781,1782
16705,1783
20376,1784
9282,1785
25740,1786
18522,1787
4670,1788
3685,1789
5498,1790
5147,1791
11159,1792
8424,1793
24445,1794
18669,1795
15215,1796
17286,1797
14980,1798
23429,1799
24298,1800
22545,1801
10454,1802
14471,1803
18377,1804
6346,1805
16110,1806
22410,1807
5359,1808
10121,1809
13356,1810
27205,1811
23897,1812
20213,1813
25731,1814
10435,1815
23436,1816
6044,1817
17355,1818
27193,1819
7654,1820
20892,1821
26938,1822
15237,1823
2132,1824
20223,1825
26871,1826
26114,1827
25006,1828
25197,1829
13278,1830
17887,1831
20541,1832
11557,1833
25378,1834
20005,1835
22429,1836
24507,1837
25067,1838
111,1839
5630,1840
3866,1841
6154,1842
25026,1843
21427,1844
16347,1845
12440,1846
2981,1847
7880,1848
221,1849
10321,1850
10182,1851
20938,1852
16231,1853
6151,1854
18515,1855
6700,1856
26420,1857
3265,1858
10802,1859
246,1860
8640,1861
27558,1862
15393,1863
6486,1864
1749,1865
11426,1866
18394,1867
22078,1868
25339,1869
10282,1870
17646,1871
23279,1872
4142,1873
2973,1874
220,1875
25409,1876
17908,1877
13022,1878
23091,1879
13843,1880
2223,1881
3862,1882
19566,1883
16725,1884
4703,1885
8945,1886
176,1887
555,1888
24544,1889
2315,1890
17603,1891
12895,1892
6161,1893
17701,1894
14136,1895
12936,1896
19247,1897
8093,1898
20269,1899
13425,1900
12306,1901
18439,1902
12067,1903
1900,1904
26874,1905
328,1906
11299,1907
8681,1908
10809,1909
6675,1910
26910,1911
971,1912
16888,1913
5164,1914
26303,1915
9889,1916
27477,1917
8771,1918
10137,1919
9327,1920
24512,1921
23084,1922
966,1923
10184,1924
26779,1925
13700,1926
11447,1927
23837,1928
7990,1929
5443,1930
25595,1931
15437,1932
27489,1933
11213,1934
12586,1935
14710,1936
21154,1937
3284,1938
24683,1939
12437,1940
16897,1941
26593,1942
8462,1943
7792,1944
24072,1945
6701,1946
312,1947
27053,1948
4735,1949
21330,1950
18053,1951
26394,1952
24001,1953
1023,1954
11002,1955
14829,1956
8854,1957
8702,1958
20454,1959
13992,1960
22342,1961
22235,1962
9906,1963
783,1964
21815,1965
17252,1966
12975,1967
5095,1968
1015,1969
1049,1970
6939,1971
2333,1972
14576,1973
14777,1974
5875,1975
12168,1976
21792,1977
26125,1978
25309,1979
26993,1980
12568,1981
23675,1982
25551,1983
21051,1984
18573,1985
23390,1986
25049,1987
26321,1988
8348,1989
25837,1990
10257,1991
21542,1992
9553,1993
24160,1994
904,1995
460,1996
10294,1997
13047,1998
17752,1999
6797,2000
17332,2001
5121,2002
23981,2003
9612,2004
5425,2005
17462,2006
3324,2007
21148,2008
20722,2009
14077,2010
3504,2011
22644,2012
10697,2013
19306,2014
18573,2015
9247,2016
18755,2017
23300,2018
8633,2019
12593,2020
4748,2021
25154,2022
19894,2023
4939,2024
16268,2025
15868,2026
22987,2027
20727,2028
11766,2029
5403,2030
11912,2031
9589,2032
25443,2033
10980,2034
13536,2035
1114,2036
4335,2037
26018,2038
6765,2039
940,2040
17817,2041
19203,2042
6785,2043
15417,2044
22048,2045
26786,2046
10088,2047
20051,2048
18465,2049
9043,2050
11185,2051
19856,2052
19817,2053
12163,2054
1200,2055
12744,2056
12707,2057
916,2058
20914,2059
22606,2060
23406,2061
9635,2062
21011,2063
26531,2064
9975,2065
22328,2066
9474,2067
6494,2068
8800,2069
19451,2070
15395,2071
8469,2072
4708,2073
26450,2074
23129,2075
19877,2076
13405,2077
19708,2078
6343,2079
13456,2080
25986,2081
22294,2082
18462,2083
11333,2084
20838,2085
14290,2086
2290,2087
26701,2088
1847,2089
4274,2090
12877,2091
19555,2092
2173,2093
6904,2094
11380,2095
1348,2096
5401,2097
26684,2098
11599,2099
2136,2100
2962,2101
13846,2102
65,2103
24030,2104
10853,2105
24764,2106
15821,2107
11966,2108
5470,2109
12635,2110
7863,2111
27581,2112
18489,2113
19856,2114
6549,2115
18804,2116
25464,2117
8673,2118
24316,2119
6409,2120
24340,2121
18379,2122
265,2123
15253,2124
20052,2125
19739,2126
19729,2127
820,2128
12327,2129
5728,2130
1426,2131
24472,2132
24219,2133
7546,2134
27675,2135
13332,2136
14601,2137
26121,2138
17437,2139
23194,2140
23033,2141
14966,2142
17410,2143
26962,2144
14723,2145
12611,2146
2830,2147
23046,2148
18863,2149
23745,2150
24215,2151
24356,2152
3546,2153
11731,2154
23414,2155
3962,2156
9160,2157
27664,2158
11649,2159
24835,2160
4137,2161
8210,2162
20521,2163
12184,2164
14343,2165
16697,2166
3234,2167
24306,2168
245,2169
8101,2170
8328,2171
19347,2172
24286,2173
19560,2174
27086,2175
8043,2176
15628,2177
16771,2178
14862,2179
8065,2180
16856,2181
25326,2182
7818,2183
18629,2184
14598,2185
75,2186
1855,2187
5629,2188
14303,2189
1006,2190
25117,2191
18040,2192
24024,2193
7361,2194
5540,2195
16842,2196
11211,2197
6517,2198
2797,2199
12797,2200
22027,2201
2433,2202
24504,2203
8585,2204
3937,2205
26113,2206
12381,2207
402,2208
7513,2209
12097,2210
21828,2211
22266,2212
24776,2213
4301,2214
18689,2215
25268,2216
4310,2217
13293,2218
26416,2219
24536,2220
7599,2221
25074,2222
15100,2223
27473,2224
10897,2225
15516,2226
19499,2227
3403,2228
13823,2229
24165,2230
1627,2231
8889,2232
24838,2233
23664,2234
22216,2235
17466,2236
19839,2237
15879,2238
16604,2239
19311,2240
27795,2241
18276,2242
738,2243
24144,2244
3284,2245
15639,2246
22693,2247
494,2248
18543,2249
13646,2250
18734,2251
14890,2252
15909,2253
14194,2254
10962,2255
5662,2256
21535,2257
11034,2258
17302,2259
19133,2260
21108,2261
4888,2262
26393,2263
12115,2264
5537,2265
4776,2266
27550,2267
18308,2268
4135,2269
16759,2270
19799,2271
25247,2272
15247,2273
11426,2274
15196,2275
12970,2276
7965,2277
1924,2278
21964,2279
11354,2280
19420,2281
15605,2282
9447,2283
20213,2284
4971,2285
16627,2286
2770,2287
9970,2288
14788,2289
11218,2290
7493,2291
8013,2292
22061,2293
2203,2294
8456,2295
4843,2296
14397,2297
17811,2298
14908,2299
2531,2300
26251,2301
8504,2302
9274,2303
1583,2304
860,2305
14382,2306
5254,2307
27411,2308
2209,2309
13105,2310
8984,2311
16232,2312
15379,2313
17990,2314
6258,2315
13802,2316
20738,2317
25926,2318
1389,2319
19600,2320
4214,2321
13136,2322
26330,2323
21371,2324
20651,2325
7950,2326
5582,2327
420,2328
24458,2329
949,2330
14895,2331
5343,2332
6710,2333
1708,2334
1455,2335
11420,2336
27606,2337
27102,2338
1306,2339
12067,2340
10719,2341
16128,2342
11037,2343
13795,2344
3515,2345
26487,2346
7966,2347
24217,2348
3998,2349
21698,2350
22105,2351
9809,2352
23023,2353
24826,2354
7573,2355
18380,2356
12055,2357
1737,2358
13521,2359
14853,2360
2489,2361
20841,2362
6707,2363
26151,2364
21839,2365
12527,2366
15084,2367
11121,2368
21534,2369
19631,2370
11261,2371
24627,2372
1896,2373
17364,2374
2583,2375
4241,2376
2308,2377
27490,2378
25463,2379
17454,2380
1221,2381
17308,2382
19595,2383
5263,2384
12550,2385
20029,2386
20716,2387
7181,2388
21464,2389
7342,2390
6980,2391
17630,2392
14695,2393
13586,2394
12110,2395
11531,2396
3677,2397
16546,2398
23570,2399
4463,2400
3497,2401
15438,2402
25896,2403
5087,2404
27451,2405
25173,2406
19219,2407
13113,2408
7872,2409
24523,2410
26253,2411
8523,2412
20893,2413
3325,2414
24478,2415
1322,2416
23556,2417
11099,2418
15648,2419
26117,2420
10808,2421
17030,2422
15359,2423
720,2424
5709,2425
5360,2426
1731,2427
11994,2428
2972,2429
20813,2430
25499,2431
9102,2432
1951,2433
14872,2434
3345,2435
24622,2436
7467,2437
19403,2438
546,2439
10843,2440
12776,2441
25987,2442
24960,2443
13139,2444
8013,2445
9127,2446
8776,2447
3488,2448
7381,2449
17637,2450
19176,2451
20698,2452
14880,2453
6250,2454
10792,2455
26717,2456
1624,2457
6321,2458
2943,2459
12027,2460
14224,2461
3808,2462
10888,2463
2186,2464
530,2465
8978,2466
27387,2467
13086,2468
22942,2469
11268,2470
1449,2471
6077,2472
4009,2473
12065,2474
13948,2475
6371,2476
20190,2477
4634,2478
8559,2479
18207,2480
3335,2481
14279,2482
4813,2483
5576,2484
6352,2485
10882,2486
25591,2487
5879,2488
14113,2489
22700,2490
20057,2491
17336,2492
2320,2493
1385,2494
17801,2495
11943,2496
3777,2497
274,2498
27779,2499
21791,2500
3537,2501
26754,2502
21053,2503
6930,2504
23501,2505
19789,2506
12118,2507
27260,2508
21408,2509
3630,2510
3306,2511
22804,2512
27176,2513
24452,2514
19784,2515
11024,2516
17996,2517
16806,2518
26385,2519
8422,2520
7109,2521
20214,2522
17081,2523
10020,2524
19547,2525
5019,2526
1272,2527
21583,2528
26426,2529
2665,2530
8060,2531
20523,2532
6205,2533
13568,2534
5471,2535
16995,2536
13161,2537
12627,2538
9429,2539
12344,2540
16409,2541
7199,2542
24658,2543
25796,2544
22154,2545
26453,2546
13110,2547
8562,2548
21606,2549
23248,2550
17656,2551
27664,2552
9471,2553
5675,2554
18652,2555
21909,2556
23681,2557
6048,2558
15052,2559
19180,2560
6205,2561
20514,2562
2231,2563
7385,2564
269,2565
5277,2566
24328,2567
10493,2568
523,2569
7256,2570
1794,2571
25403,2572
25198,2573
9727,2574
21861,2575
22928,2576
11639,2577
5504,2578
4317,2579
10363,2580
8505,2581
1862,2582
13207,2583
353,2584
12146,2585
4308,2586
23274,2587
20220,2588
8901,2589
19048,2590
11018,2591
26702,2592
1656,2593
6846,2594
10597,2595
14363,2596
20921,2597
14352,2598
9349,2599
25602,2600
13299,2601
12665,2602
5120,2603
21468,2604
8884,2605
11856,2606
12238,2607
15772,2608
8458,2609
12754,2610
8845,2611
8790,2612
21401,2613
1791,2614
14568,2615
802,2616
11321,2617
16228,2618
6937,2619
22612,2620
4620,2621
944,2622
7016,2623
24764,2624
7622,2625
23153,2626
25968,2627
8619,2628
23814,2629
15578,2630
406,2631
14490,2632
870,2633
3999,2634
20681,2635
7052,2636
24921,2637
12577,2638
16147,2639
9476,2640
14596,2641
8791,2642
26017,2643
6285,2644
26357,2645
11420,2646
24170,2647
24868,2648
2909,2649
7664,2650
17093,2651
24544,2652
25656,2653
27317,2654
11397,2655
23365,2656
133,2657
16863,2658
11202,2659
23184,2660
24661,2661
19829,2662
9227,2663
6151,2664
12993,2665
14586,2666
7454,2667
12701,2668
15,2669
8287,2670
26706,2671
17459,2672
38,2673
19973,2674
6155,2675
24413,2676
14148,2677
21730,2678
9849,2679
3347,2680
11796,2681
20370,2682
23333,2683
17008,2684
1551,2685
2973,2686
10119,2687
549,2688
16049,2689
22854,2690
22731,2691
16544,2692
23337,2693
15769,2694
1285,2695
25956,2696
23973,2697
12467,2698
425,2699
16881,2700
10494,2701
26591,2702
14277,2703
17451,2704
27605,2705
23639,2706
19291,2707
8635,2708
25175,2709
13183,2710
15345,2711
16949,2712
16810,2713
9917,2714
25277,2715
11215,2716
18705,2717
18991,2718
16415,2719
14848,2720
17208,2721
10440,2722
7363,2723
17239,2724
18356,2725
1922,2726
23671,2727
22137,2728
14046,2729
6327,2730
13408,2731
15843,2732
13510,2733
224,2734
21310,2735
25705,2736
23248,2737
7123,2738
13740,2739
18085,2740
14469,2741
5167,2742
27483,2743
17725,2744
21679,2745
24612,2746
569,2747
14614,2748
13343,2749
21578,2750
16180,2751
18816,2752
11777,2753
15364,2754
23132,2755
25154,2756
486,2757
25690,2758
6238,2759
21685,2760
2103,2761
19342,2762
4421,2763
17027,2764
2272,2765
9409,2766
13894,2767
11321,2768
26008,2769
5900,2770
26511,2771
5217,2772
1726,2773
1176,2774
17151,2775
2337,2776
21711,2777
2088,2778
26663,2779
13869,2780
27552,2781
16185,2782
3740,2783
13182,2784
15723,2785
693,2786
22195,2787
3182,2788
8933,2789
6881,2790
14600,2791
15136,2792
1937,2793
14371,2794
14851,2795
11608,2796
1413,2797
2838,2798
18316,2799
12176,2800
27,2801
9663,2802
11403,2803
19486,2804
5834,2805
24350,2806
15035,2807
25447,2808
5233,2809
17738,2810
20282,2811
20395,2812
27373,2813
522,2814
24560,2815
13313,2816
21229,2817
2712,2818
2167,2819
14874,2820
27640,2821
13078,2822
9574,2823
15138,2824
13264,2825
20737,2826
9707,2827
9605,2828
13679,2829
26130,2830
14317,2831
7534,2832
14985,2833
14376,2834
7708,2835
896,2836
14165,2837
20944,2838
27466,2839
25411,2840
17594,2841
11785,2842
12135,2843
11624,2844
5912,2845
15740,2846
2466,2847
22636,2848
27679,2849
5717,2850
25370,2851
7550,2852
27564,2853
13651,2854
2851,2855
10752,2856
19679,2857
17713,2858
2884,2859
26336,2860
1383,2861
12329,2862
2135,2863
20072,2864
16404,2865
25669,2866
10009,2867
25394,2868
14424,2869
21003,2870
14834,2871
18405,2872
9672,2873
23817,2874
11499,2875
18252,2876
9970,2877
9928,2878
18704,2879
12999,2880
23980,2881
18404,2882
22590,2883
19467,2884
15906,2885
2191,2886
24987,2887
12124,2888
21380,2889
19589,2890
22536,2891
20201,2892
13844,2893
24257,2894
20890,2895
2398,2896
19992,2897
13572,2898
11760,2899
1091,2900
5647,2901
111,2902
15980,2903
21449,2904
27001,2905
17175,2906
16782,2907
23795,2908
6802,2909
14426,2910
14038,2911
23216,2912
5643,2913
18170,2914
20876,2915
4642,2916
8880,2917
14681,2918
16916,2919
18683,2920
19230,2921
869,2922
27800,2923
4263,2924
15904,2925
3314,2926
7081,2927
8585,2928
7071,2929
13228,2930
211,2931
10981,2932
16151,2933
26170,2934
1482,2935
10170,2936
16572,2937
16172,2938
5232,2939
10125,2940
8077,2941
21221,2942
26096,2943
14310,2944
26619,2945
13599,2946
16808,2947
26110,2948
11422,2949
15582,2950
6482,2951
22103,2952
5766,2953
23051,2954
27103,2955
25746,2956
1464,2957
25729,2958
21518,2959
11182,2960
21597,2961
10117,2962
13894,2963
23066,2964
17210,2965
23829,2966
11953,2967
22572,2968
2058,2969
27798,2970
13015,2971
9964,2972
6142,2973
6330,2974
16598,2975
9761,2976
7835,2977
2669,2978
23559,2979
11237,2980
3864,2981
13318,2982
13863,2983
16214,2984
18776,2985
6884,2986
8787,2987
13456,2988
2737,2989
9647,2990
10494,2991
3227,2992
23885,2993
26861,2994
12415,2995
24527,2996
10520,2997
18577,2998
25228,2999
19480,3000
15735,3001
26003,3002
27602,3003
27289,3004
665,3005
15744,3006
11380,3007
20263,3008
25383,3009
21333,3010
13677,3011
14492,3012
18965,3013
15883,3014
19553,3015
13864,3016
7183,3017
12083,3018
17704,3019
21432,3020
23048,3021
13095,3022
18819,3023
23804,3024
1530,3025
22352,3026
3455,3027
23813,3028
11386,3029
26308,3030
25145,3031
2203,3032
9557,3033
26345,3034
26137,3035
20310,3036
4418,3037
8062,3038
24941,3039
3240,3040
21734,3041
4406,3042
7855,3043
14470,3044
3457,3045
21198,3046
22717,3047
15123,3048
9748,3049
23494,3050
16330,3051
6856,3052
4382,3053
10580,3054
20502,3055
23708,3056
3866,3057
20270,3058
9892,3059
4073,3060
11067,3061
5445,3062
21669,3063
25923,3064
23428,3065
747,3066
20761,3067
2620,3068
400,3069
9960,3070
19733,3071
23945,3072
24408,3073
14884,3074
3812,3075
23726,3076
20201,3077
14423,3078
23080,3079
10242,3080
7053,3081
22260,3082
3071,3083
4192,3084
24333,3085
10320,3086
6661,3087
16124,3088
16542,3089
22111,3090
16054,3091
22567,3092
1669,3093
10660,3094
22350,3095
25389,3096
26759,3097
21666,3098
27462,3099
12263,3100
17133,3101
530,3102
11442,3103
6438,3104
10128,3105
7512,3106
23355,3107
10932,3108
12414,3109
29,3110
9768,3111
17369,3112
2880,3113
8333,3114
26305,3115
411,3116
27304,3117
11579,3118
24752,3119
11812,3120
9884,3121
10576,3122
4355,3123
11166,3124
8001,3125
19878,3126
10738,3127
9044,3128
17223,3129
23917,3130
14077,3131
4341,3132
16275,3133
25039,3134
14378,3135
19809,3136
26167,3137
16390,3138
27355,3139
24612,3140
19733,3141
13008,3142
12707,3143
15996,3144
1322,3145
2134,3146
10727,3147
11811,3148
7555,3149
24573,3150
2316,3151
16851,3152
22013,3153
15534,3154
26685,3155
886,3156
15153,3157
18480,3158
15163,3159
9849,3160
15251,3161
18356,3162
22079,3163
825,3164
9626,3165
9755,3166
21625,3167
15251,3168
12786,3169
15867,3170
4515,3171
17972,3172
11946,3173
25821,3174
21952,3175
26384,3176
18648,3177
25350,3178
7740,3179
953,3180
4561,3181
13908,3182
22564,3183
9532,3184
26467,3185
20092,3186
4686,3187
19709,3188
14252,3189
7039,3190
17633,3191
15250,3192
9850,3193
6637,3194
17254,3195
24867,3196
16250,3197
831,3198
19953,3199
14969,3200
21912,3201
10822,3202
11479,3203
14352,3204
7742,3205
1315,3206
25184,3207
1299,3208
18705,3209
5274,3210
7902,3211
22995,3212
21898,3213
15805,3214
22994,3215
7618,3216
1422,3217
12651,3218
9689,3219
25162,3220
27361,3221
16018,3222
8712,3223
15325,3224
22612,3225
14151,3226
25392,3227
14260,3228
26552,3229
20844,3230
11671,3231
2177,3232
25669,3233
22687,3234
25247,3235
1568,3236
5765,3237
8217,3238
24356,3239
2759,3240
22103,3241
19759,3242
10575,3243
17497,3244
8701,3245
12024,3246
1466,3247
3528,3248
5852,3249
18106,3250
21283,3251
10673,3252
302,3253
16181,3254
21546,3255
2269,3256
11833,3257
18696,3258
24674,3259
19909,3260
1108,3261
15710,3262
15637,3263
12693,3264
9926,3265
26797,3266
24991,3267
42,3268
6039,3269
9896,3270
3681,3271
24257,3272
27712,3273
20818,3274
17111,3275
24276,3276
14901,3277
5377,3278
6776,3279
17695,3280
12402,3281
24776,3282
26511,3283
7670,3284
8297,3285
2800,3286
6001,3287
4630,3288
6022,3289
25120,3290
11849,3291
21970,3292
15481,3293
3191,3294
19599,3295
11029,3296
19183,3297
7921,3298
25209,3299
26659,3300
10535,3301
21560,3302
15787,3303
14572,3304
24532,3305
10069,3306
3178,3307
16919,3308
19750,3309
18778,3310
24962,3311
19844,3312
25259,3313
1696,3314
14792,3315
11199,3316
23660,3317
3397,3318
15621,3319
17285,3320
21934,3321
7892,3322
19746,3323
3190,3324
22703,3325
5905,3326
22910,3327
23698,3328
13766,3329
22746,3330
4611,3331
9965,3332
2892,3333
24153,3334
24583,3335
19761,3336
10506,3337
26483,3338
9269,3339
21314,3340
17543,3341
17831,3342
11592,3343
24062,3344
10344,3345
6290,3346
7600,3347
23728,3348
24117,3349
9014,3350
12255,3351
21774,3352
17340,3353
27455,3354
2710,3355
1402,3356
11989,3357
19094,3358
2774,3359
1397,3360
12035,3361
19056,3362
8787,3363
18183,3364
18499,3365
24226,3366
5312,3367
26233,3368
18293,3369
2064,3370
15710,3371
18679,3372
26881,3373
7192,3374
14421,3375
23977,3376
27085,3377
20925,3378
11677,3379
22478,3380
24657,3381
23661,3382
11300,3383
13591,3384
17595,3385
19866,3386
7052,3387
2125,3388
7570,3389
13148,3390
26477,3391
21833,3392
17093,3393
23340,3394
9577,3395
21474,3396
26891,3397
9541,3398
23772,3399
5419,3400
8957,3401
13759,3402
19262,3403
22383,3404
23461,3405
22677,3406
24934,3407
18315,3408
5676,3409
18870,3410
7004,3411
17127,3412
5115,3413
9491,3414
11460,3415
8621,3416
26713,3417
10470,3418
14773,3419
4959,3420
18868,3421
26503,3422
9088,3423
26778,3424
6064,3425
1680,3426
21641,3427
22632,3428
15735,3429
22851,3430
16602,3431
21005,3432
22864,3433
14002,3434
5449,3435
22689,3436
18854,3437
19080,3438
3684,3439
15593,3440
3982,3441
9400,3442
25143,3443
3239,3444
11533,3445
5766,3446
14860,3447
914,3448
990,3449
857,3450
16694,3451
13509,3452
25421,3453
15231,3454
6426,3455
10989,3456
9729,3457
5654,3458
3538,3459
88,3460
26161,3461
20180,3462
23425,3463
9441,3464
3859,3465
13113,3466
11261,3467
21863,3468
7198,3469
15205,3470
23803,3471
17965,3472
26500,3473
6432,3474
12077,3475
6068,3476
14230,3477
4513,3478
26319,3479
10829,3480
24242,3481
1801,3482
9113,3483
4457,3484
24379,3485
15449,3486
14471,3487
23425,3488
4489,3489
19318,3490
16010,3491
24700,3492
397,3493
14115,3494
8856,3495
12302,3496
19676,3497
18391,3498
158,3499
20620,3500
2265,3501
23406,3502
4372,3503
12017,3504
17110,3505
4113,3506
3874,3507
20078,3508
23069,3509
27783,3510
3951,3511
1101,3512
17272,3513
17540,3514
25224,3515
14810,3516
1529,3517
6817,3518
25984,3519
8588,3520
5902,3521
7789,3522
25735,3523
22017,3524
25642,3525
1608,3526
25127,3527
26316,3528
16599,3529
7961,3530
22096,3531
11534,3532
25867,3533
13874,3534
6866,3535
22122,3536
25612,3537
14973,3538
3433,3539
11042,3540
15039,3541
17208,3542
11371,3543
22307,3544
10423,3545
9192,3546
6647,3547
13647,3548
20498,3549
5431,3550
10651,3551
16286,3552
2351,3553
576,3554
21902,3555
14197,3556
965,3557
9940,3558
20183,3559
27177,3560
25971,3561
22805,3562
19016,3563
7190,3564
19793,3565
24910,3566
10234,3567
3916,3568
19737,3569
3804,3570
3211,3571
8497,3572
7812,3573
8584,3574
15363,3575
3803,3576
5986,3577
4168,3578
15592,3579
3274,3580
13039,3581
24640,3582
13416,3583
1267,3584
6881,3585
15038,3586
705,3587
7397,3588
6305,3589
10624,3590
14221,3591
310,3592
16176,3593
15481,3594
26574,3595
19683,3596
14953,3597
2095,3598
26604,3599
22786,3600
9975,3601
23131,3602
14903,3603
10515,3604
1228,3605
7524,3606
24177,3607
24320,3608
14395,3609
17881,3610
9062,3611
16094,3612
21165,3613
15008,3614
9498,3615
19076,3616
4760,3617
14591,3618
12402,3619
25148,3620
11076,3621
7077,3622
5102,3623
6395,3624
1826,3625
11665,3626
21346,3627
19267,3628
1610,3629
5879,3630
1492,3631
22210,3632
14521,3633
21967,3634
22658,3635
6651,3636
9148,3637
11105,3638
10334,3639
5577,3640
13960,3641
10219,3642
9307,3643
7220,3644
1342,3645
5868,3646
16624,3647
11787,3648
19226,3649
12896,3650
20683,3651
9645,3652
6820,3653
18037,3654
19763,3655
3591,3656
20871,3657
586,3658
25235,3659
11170,3660
1200,3661
9043,3662
26823,3663
16151,3664
3359,3665
22992,3666
26656,3667
7834,3668
14839,3669
8653,3670
7209,3671
24587,3672
963,3673
15805,3674
3159,3675
4277,3676
24915,3677
3577,3678
19565,3679
17766,3680
17336,3681
18171,3682
19244,3683
8058,3684
7772,3685
12306,3686
5729,3687
10374,3688
7432,3689
27048,3690
22189,3691
8142,3692
6079,3693
6966,3694
4795,3695
10334,3696
16144,3697
822,3698
10231,3699
27611,3700
16725,3701
17288,3702
17932,3703
21179,3704
18907,3705
3145,3706
15161,3707
13917,3708
12780,3709
7943,3710
12850,3711
26912,3712
17423,3713
12251,3714
16280,3715
4308,3716
2772,3717
17286,3718
7645,3719
25083,3720
5266,3721
12351,3722
20899,3723
9954,3724
9637,3725
23633,3726
13832,3727
13896,3728
8969,3729
17484,3730
25157,3731
14716,3732
25488,3733
13199,3734
14649,3735
12972,3736
69,3737
18795,3738
20809,3739
18692,3740
5327,3741
7799,3742
22626,3743
9686,3744
8847,3745
20024,3746
25932,3747
8050,3748
25354,3749
12021,3750
17088,3751
8026,3752
26696,3753
27052,3754
13228,3755
17653,3756
15556,3757
13356,3758
14151,3759
2375,3760
13949,3761
3356,3762
5833,3763
15052,3764
12498,3765
8893,3766
362,3767
11448,3768
3290,3769
4798,3770
5773,3771
8690,3772
22243,3773
11333,3774
24244,3775
8702,3776
17743,3777
18979,3778
11074,3779
11583,3780
8328,3781
21828,3782
23965,3783
9564,3784
1915,3785
14566,3786
23004,3787
26965,3788
26214,3789
19716,3790
5176,3791
26677,3792
27700,3793
17774,3794
7508,3795
6938,3796
4227,3797
26184,3798
22089,3799
578,3800
13820,3801
12362,3802
4270,3803
20120,3804
12682,3805
27764,3806
5826,3807
14821,3808
12872,3809
22542,3810
27693,3811
9317,3812
6803,3813
25239,3814
19263,3815
27091,3816
13299,3817
22217,3818
22743,3819
842,3820
10242,3821
7770,3822
23069,3823
23139,3824
17991,3825
16069,3826
6563,3827
21382,3828
16786,3829
20505,3830
24155,3831
5823,3832
370,3833
5402,3834
5351,3835
14017,3836
7034,3837
345,3838
10983,3839
17036,3840
13073,3841
3528,3842
14739,3843
24195,3844
11065,3845
6924,3846
4734,3847
7994,3848
8363,3849
22161,3850
24149,3851
15795,3852
16047,3853
9087,3854
6176,3855
19811,3856
20767,3857
12851,3858
13603,3859
19043,3860
25206,3861
6831,3862
14294,3863
3245,3864
6922,3865
4697,3866
5174,3867
12144,3868
25383,3869
24390,3870
21639,3871
3691,3872
7021,3873
19188,3874
8020,3875
2037,3876
16662,3877
17571,3878
9550,3879
26399,3880
20166,3881
17309,3882
8737,3883
25896,3884
14244,3885
23473,3886
1107,3887
16034,3888
21675,3889
1981,3890
26678,3891
24399,3892
23103,3893
25701,3894
14252,3895
2413,3896
1232,3897
16560,3898
10616,3899
17410,3900
20729,3901
16126,3902
14651,3903
26268,3904
18967,3905
9533,3906
27381,3907
18696,3908
18024,3909
18256,3910
2667,3911
21975,3912
5397,3913
15182,3914
4435,3915
23018,3916
25086,3917
11071,3918
14275,3919
7989,3920
11375,3921
22532,3922
19247,3923
16615,3924
5863,3925
4983,3926
17351,3927
25033,3928
8353,3929
24066,3930
22031,3931
24643,3932
23805,3933
230,3934
25376,3935
19868,3936
14597,3937
19702,3938
26434,3939
21472,3940
9032,3941
9842,3942
6799,3943
18391,3944
23071,3945
8711,3946
2304,3947
9380,3948
2597,3949
2634,3950
9434,3951
21200,3952
20003,3953
9249,3954
18520,3955
22003,3956
16403,3957
17862,3958
8605,3959
7106,3960
842,3961
13038,3962
22956,3963
10519,3964
16779,3965
15031,3966
23548,3967
19934,3968
8478,3969
12185,3970
16086,3971
22367,3972
18347,3973
2480,3974
24690,3975
15049,3976
3098,3977
19602,3978
19232,3979
4850,3980
3719,3981
22110,3982
23378,3983
10962,3984
19546,3985
11439,3986
23917,3987
18792,3988
3231,3989
19471,3990
19600,3991
13912,3992
18383,3993
4983,3994
4578,3995
13858,3996
8553,3997
24670,3998
18557,3999
24438,4000
11625,4001
19683,4002
376,4003
20234,4004
12658,4005
19873,4006
150,4007
24803,4008
22303,4009
9623,4010
754,4011
5593,4012
2926,4013
16172,4014
10537,4015
19968,4016
16,4017
1725,4018
15886,4019
15686,4020
19136,4021
7565,4022
23492,4023
17050,4024
16288,4025
13569,4026
24961,4027
423,4028
5790,4029
5040,4030
4841,4031
2056,4032
13824,4033
26842,4034
2675,4035
13296,4036
1525,4037
27072,4038
8483,4039
7407,4040
3477,4041
21294,4042
8876,4043
5275,4044
19663,4045
13158,4046
394,4047
9224,4048
24756,4049
25420,4050
27302,4051
26148,4052
9738,4053
23308,4054
3782,4055
12087,4056
26824,4057
8043,4058
24959,4059
12727,4060
18700,4061
8879,4062
25455,4063
18520,4064
709,4065
25791,4066
15425,4067
18615,4068
10143,4069
4257,4070
8985,4071
4546,4072
5302,4073
19651,4074
27569,4075
23225,4076
2475,4077
10890,4078
11593,4079
1771,4080
14653,4081
23185,4082
27154,4083
21830,4084
26077,4085
19980,4086
2250,4087
4150,4088
21617,4089
22641,4090
12577,4091
20932,4092
18159,4093
15355,4094
20139,4095
8435,4096
