9823,1
4276,2
10772,3
4456,4
21268,5
4949,6
19231,7
24894,8
4297,9
22452,10
1916,11
21595,12
16863,13
25873,14
9489,15
27784,16
698,17
26983,18
19395,19
3180,20
15599,21
18705,22
4583,23
1817,24
5681,25
12241,26
24279,27
25694,28
17371,29
14579,30
7539,31
9648,32
4428,33
14639,34
6400,35
27599,36
23185,37
6002,38
11349,39
7523,40
12231,41
17429,42
9292,43
23130,44
27310,45
21247,46
11803,47
4120,48
7352,49
406,50
15040,51
10587,52
27393,53
15035,54
21266,55
13651,56
13326,57
14282,58
21516,59
5786,60
4440,61
955,62
16164,63
1008,64
21927,65
27396,66
11883,67
26565,68
26118,69
23834,70
8152,71
23716,72
11054,73
22373,74
23728,75
200,76
22088,77
22154,78
18804,79
3802,80
12907,81
20879,82
3802,83
17466,84
10468,85
26800,86
22653,87
15579,88
109,89
27464,90
3302,91
1487,92
4365,93
9373,94
13817,95
8054,96
3945,97
1663,98
24291,99
7596,100
2195,101
7093,102
24681,103
898,104
23827,105
2250,106
2678,107
13805,108
27587,109
18267,110
15518,111
20250,112
17027,113
15001,114
3020,115
14900,116
24765,117
3393,118
5746,119
20821,120
14401,121
11059,122
12219,123
16645,124
6181,125
264,126
18118,127
19893,128
25491,129
11379,130
5231,131
6228,132
21971,133
6910,134
25810,135
8410,136
15104,137
23141,138
17406,139
9862,140
410,141
16132,142
15912,143
17707,144
17931,145
26765,146
20702,147
21706,148
16044,149
8379,150
11726,151
4389,152
19851,153
4554,154
19644,155
12328,156
19794,157
22574,158
14436,159
1415,160
20081,161
8871,162
11322,163
9438,164
18654,165
14327,166
26313,167
17174,168
124,169
24498,170
16770,171
303,172
3470,173
24313,174
18718,175
5460,176
5137,177
26297,178
8745,179
23957,180
14584,181
18690,182
20957,183
13791,184
21949,185
712,186
12777,187
21875,188
19196,189
21654,190
12508,191
12689,192
12307,193
12461,194
25759,195
23775,196
4162,197
27120,198
3237,199
27770,200
21914,201
15443,202
15049,203
862,204
27561,205
17682,206
25813,207
7774,208
14778,209
3630,210
17735,211
4885,212
7138,213
8829,214
21756,215
8638,216
6906,217
20216,218
5204,219
22649,220
3870,221
15566,222
26587,223
1639,224
23702,225
22970,226
19271,227
11413,228
14090,229
12356,230
9866,231
10842,232
24127,233
27764,234
8663,235
3622,236
14520,237
19892,238
11943,239
12977,240
25033,241
13801,242
25039,243
9531,244
10504,245
14224,246
2720,247
13052,248
26506,249
26431,250
26608,251
9375,252
11515,253
294,254
6936,255
20768,256
13346,257
2784,258
18037,259
27794,260
4000,261
14931,262
18583,263
21274,264
8894,265
20251,266
11061,267
12124,268
26367,269
25956,270
12622,271
12921,272
25340,273
6461,274
20092,275
21710,276
13000,277
6882,278
7597,279
24789,280
11858,281
13956,282
8204,283
18831,284
26518,285
926,286
712,287
5924,288
20076,289
891,290
11712,291
4745,292
2932,293
22798,294
20930,295
13465,296
6974,297
12429,298
11154,299
16,300
4318,301
15201,302
24339,303
21576,304
9146,305
23910,306
13223,307
14766,308
6323,309
459,310
2477,311
14719,312
11187,313
20705,314
8795,315
22446,316
6585,317
18567,318
13943,319
6928,320
5779,321
6828,322
7440,323
13257,324
23598,325
5992,326
23399,327
25023,328
27065,329
2799,330
22107,331
15672,332
7436,333
26785,334
22942,335
17170,336
1418,337
16802,338
23629,339
9266,340
24345,341
23232,342
185,343
16677,344
17481,345
7917,346
2893,347
20501,348
27560,349
12013,350
19487,351
8054,352
11502,353
6204,354
7394,355
4887,356
7345,357
18212,358
22375,359
5943,360
12051,361
5249,362
25864,363
15713,364
13352,365
19713,366
16781,367
2493,368
9680,369
470,370
18682,371
26442,372
22039,373
14619,374
24792,375
1825,376
25549,377
25166,378
9452,379
4251,380
18099,381
25400,382
27546,383
5717,384
14646,385
15382,386
21077,387
5018,388
26315,389
27296,390
13820,391
16203,392
24664,393
9003,394
8041,395
11342,396
3990,397
17874,398
23377,399
16551,400
9810,401
23564,402
27024,403
20756,404
11597,405
6704,406
27463,407
10215,408
12600,409
20858,410
5115,411
8410,412
1802,413
16944,414
24111,415
9697,416
15564,417
11878,418
1162,419
7204,420
19862,421
2906,422
9926,423
13231,424
22990,425
1134,426
27578,427
26985,428
2628,429
11763,430
25248,431
14136,432
22213,433
4612,434
8371,435
14077,436
10871,437
6849,438
3897,439
11236,440
9199,441
21144,442
11239,443
3759,444
12632,445
494,446
27580,447
23505,448
19880,449
10746,450
8716,451
13492,452
10615,453
11158,454
7098,455
7797,456
4422,457
23829,458
15279,459
10277,460
6696,461
6196,462
16096,463
2598,464
296,465
20419,466
8311,467
14352,468
26557,469
26289,470
7503,471
21282,472
10338,473
9931,474
21043,475
19146,476
17278,477
27207,478
13291,479
3896,480
27766,481
8890,482
23919,483
26082,484
21634,485
10338,486
16503,487
4408,488
17522,489
16160,490
24204,491
27056,492
10939,493
19358,494
26139,495
18743,496
3954,497
17507,498
14199,499
24644,500
16539,501
4450,502
2677,503
5909,504
4678,505
10478,506
17121,507
20195,508
11309,509
7330,510
11854,511
21975,512
2358,513
19732,514
13965,515
18145,516
510,517
15054,518
18149,519
4271,520
14005,521
24291,522
14308,523
18414,524
9720,525
5386,526
15374,527
1446,528
18536,529
3192,530
12644,531
3520,532
26008,533
18284,534
3105,535
11400,536
10750,537
7110,538
23715,539
17400,540
11054,541
11642,542
19779,543
14166,544
11968,545
3623,546
7938,547
22799,548
677,549
17081,550
5342,551
15199,552
13537,553
1535,554
5508,555
9595,556
6285,557
6350,558
24033,559
4898,560
3205,561
21177,562
26139,563
27024,564
24675,565
25850,566
22368,567
25221,568
8876,569
12913,570
26909,571
14347,572
24630,573
23725,574
490,575
12835,576
17761,577
27642,578
11781,579
6601,580
8193,581
24377,582
8279,583
12867,584
25232,585
4658,586
15257,587
19977,588
1165,589
5326,590
24132,591
1711,592
1866,593
22867,594
17613,595
12707,596
1186,597
6132,598
3693,599
10259,600
19075,601
5353,602
12994,603
18489,604
2113,605
5053,606
3495,607
22381,608
2060,609
15261,610
13655,611
242,612
25731,613
23643,614
13373,615
20237,616
3908,617
7838,618
3067,619
7814,620
15341,621
8857,622
421,623
26639,624
10782,625
23693,626
24385,627
6730,628
8876,629
22389,630
6909,631
1627,632
19085,633
7875,634
13796,635
3272,636
15110,637
22644,638
12467,639
13507,640
20183,641
3468,642
24038,643
13739,644
24485,645
5436,646
755,647
27098,648
7933,649
1648,650
16626,651
16573,652
9130,653
25154,654
10472,655
21399,656
19993,657
16143,658
21005,659
5216,660
23835,661
14399,662
13076,663
15784,664
8367,665
11614,666
19911,667
16231,668
26190,669
22187,670
22707,671
7865,672
8979,673
17563,674
11566,675
14202,676
14256,677
24049,678
16530,679
27785,680
2550,681
15567,682
11196,683
22350,684
2673,685
21432,686
1472,687
20104,688
6060,689
957,690
11501,691
5000,692
4565,693
14740,694
14117,695
22205,696
23443,697
15287,698
12125,699
15986,700
26748,701
25207,702
14349,703
2806,704
19404,705
8507,706
12649,707
21767,708
9268,709
14079,710
1733,711
10234,712
3814,713
8406,714
9633,715
10690,716
8728,717
27235,718
23248,719
7979,720
15186,721
25279,722
17345,723
5725,724
14201,725
10552,726
25990,727
5437,728
21163,729
16425,730
27589,731
22049,732
14983,733
27320,734
15925,735
14311,736
11154,737
19681,738
25602,739
17839,740
930,741
3237,742
17518,743
7607,744
7051,745
15956,746
19103,747
4751,748
215,749
22260,750
3347,751
9478,752
3032,753
5316,754
16766,755
18876,756
16014,757
6883,758
25392,759
6283,760
19176,761
9545,762
10501,763
21337,764
8633,765
14660,766
8051,767
15655,768
15724,769
26918,770
22940,771
27130,772
20967,773
26244,774
4600,775
17825,776
5668,777
27508,778
10365,779
16990,780
23756,781
25779,782
1771,783
16512,784
15160,785
839,786
2236,787
364,788
9531,789
13579,790
4635,791
3120,792
20897,793
19098,794
3401,795
20655,796
9050,797
15067,798
894,799
22040,800
559,801
7938,802
26248,803
12000,804
16869,805
17867,806
22348,807
13491,808
16924,809
8368,810
15229,811
7809,812
14287,813
26170,814
27766,815
7057,816
12944,817
23934,818
17099,819
12497,820
6783,821
11309,822
5673,823
22599,824
3047,825
323,826
11757,827
22723,828
31,829
17189,830
7376,831
15355,832
18208,833
18732,834
21157,835
24003,836
12341,837
18777,838
22127,839
14353,840
3432,841
12739,842
8510,843
17989,844
5912,845
821,846
2596,847
26308,848
12301,849
21540,850
4515,851
3621,852
15489,853
7966,854
22049,855
7057,856
21366,857
25118,858
14529,859
9149,860
9216,861
7774,862
23320,863
14912,864
961,865
26642,866
18308,867
911,868
24458,869
26879,870
16878,871
27710,872
24046,873
25491,874
19399,875
2205,876
16039,877
26408,878
7323,879
24550,880
6929,881
3978,882
24826,883
11811,884
1393,885
18601,886
19010,887
22541,888
17404,889
2165,890
9487,891
13775,892
9598,893
15895,894
14554,895
16103,896
7323,897
655,898
10039,899
15582,900
15572,901
22431,902
7394,903
23559,904
2435,905
5525,906
27313,907
3167,908
19877,909
6831,910
9229,911
7832,912
9714,913
13580,914
7178,915
14023,916
24397,917
24501,918
16199,919
1089,920
21563,921
15730,922
9871,923
8323,924
22628,925
25111,926
22188,927
19428,928
2748,929
8637,930
17443,931
3467,932
19013,933
111,934
26770,935
123,936
3099,937
19510,938
3751,939
26844,940
15312,941
19842,942
12279,943
956,944
17674,945
16861,946
8600,947
4654,948
20148,949
22637,950
10453,951
18275,952
1594,953
4075,954
20197,955
17459,956
5823,957
3798,958
24588,959
10866,960
8795,961
15662,962
5351,963
25383,964
21480,965
8039,966
24972,967
711,968
13839,969
21091,970
16697,971
8063,972
11309,973
3275,974
19889,975
17420,976
11665,977
26092,978
7334,979
25438,980
5684,981
26451,982
16776,983
21581,984
23927,985
943,986
19017,987
18337,988
25388,989
25848,990
944,991
4801,992
8986,993
22958,994
26708,995
8921,996
19227,997
26915,998
10609,999
26308,1000
13237,1001
26334,1002
8305,1003
5502,1004
23272,1005
4352,1006
4654,1007
8501,1008
18638,1009
5370,1010
8977,1011
7652,1012
13966,1013
17983,1014
5047,1015
10625,1016
4852,1017
22513,1018
4235,1019
13954,1020
18696,1021
9038,1022
1790,1023
10491,1024
638,1025
19165,1026
12428,1027
25123,1028
25579,1029
22938,1030
5013,1031
10731,1032
17276,1033
18058,1034
24444,1035
14353,1036
19735,1037
18846,1038
24047,1039
13934,1040
14027,1041
6092,1042
20553,1043
10559,1044
7550,1045
18174,1046
10507,1047
1883,1048
24779,1049
16923,1050
17574,1051
2212,1052
8614,1053
16472,1054
4029,1055
5479,1056
25855,1057
21965,1058
13092,1059
15985,1060
1994,1061
7685,1062
3278,1063
25183,1064
21694,1065
23962,1066
6275,1067
8383,1068
15046,1069
4033,1070
9407,1071
13679,1072
25716,1073
3514,1074
3725,1075
21906,1076
21663,1077
25091,1078
949,1079
370,1080
9907,1081
15380,1082
9161,1083
7561,1084
18923,1085
8849,1086
23159,1087
27189,1088
14814,1089
15433,1090
2709,1091
1621,1092
18515,1093
21521,1094
25656,1095
17052,1096
6898,1097
7054,1098
5898,1099
16755,1100
2154,1101
9823,1102
6768,1103
9084,1104
22523,1105
18318,1106
1793,1107
15624,1108
8371,1109
14711,1110
1111,1111
6074,1112
4771,1113
12167,1114
14922,1115
8353,1116
24486,1117
20777,1118
10006,1119
21213,1120
25294,1121
5573,1122
23089,1123
16316,1124
4082,1125
12729,1126
9080,1127
562,1128
5444,1129
13291,1130
19639,1131
13155,1132
3581,1133
10970,1134
7554,1135
27582,1136
4265,1137
22689,1138
23395,1139
16485,1140
21356,1141
4275,1142
1576,1143
27345,1144
6843,1145
18435,1146
7261,1147
10192,1148
19594,1149
10369,1150
4662,1151
2416,1152
16454,1153
27182,1154
1506,1155
23715,1156
4317,1157
1665,1158
11501,1159
4127,1160
9628,1161
20303,1162
22953,1163
6517,1164
18120,1165
24302,1166
8670,1167
23117,1168
15365,1169
20174,1170
16576,1171
4872,1172
18375,1173
11367,1174
13647,1175
17812,1176
2736,1177
11724,1178
2947,1179
15004,1180
9853,1181
21645,1182
19315,1183
551,1184
18849,1185
18647,1186
20202,1187
5818,1188
1345,1189
1599,1190
6082,1191
24641,1192
25066,1193
15512,1194
12260,1195
27473,1196
2284,1197
10443,1198
23934,1199
5969,1200
26379,1201
21270,1202
16637,1203
23140,1204
4329,1205
19940,1206
19956,1207
14901,1208
11344,1209
3659,1210
11111,1211
24862,1212
11011,1213
20230,1214
11447,1215
12812,1216
5523,1217
9549,1218
8922,1219
3296,1220
18645,1221
2124,1222
16022,1223
16542,1224
19991,1225
25601,1226
25945,1227
10527,1228
25548,1229
4948,1230
19045,1231
12693,1232
17112,1233
25964,1234
22890,1235
10872,1236
14463,1237
8914,1238
15439,1239
7239,1240
22722,1241
3371,1242
16002,1243
24967,1244
26935,1245
14049,1246
3014,1247
18968,1248
20318,1249
9363,1250
514,1251
23741,1252
10391,1253
15130,1254
6071,1255
26847,1256
20542,1257
13890,1258
5454,1259
16858,1260
15455,1261
6124,1262
20330,1263
27400,1264
11079,1265
13224,1266
21379,1267
8565,1268
21084,1269
15526,1270
27456,1271
3652,1272
27331,1273
15681,1274
22311,1275
1372,1276
6740,1277
14144,1278
11936,1279
3433,1280
7261,1281
14323,1282
4203,1283
12475,1284
8005,1285
16502,1286
3454,1287
3469,1288
18356,1289
7126,1290
24837,1291
19180,1292
10176,1293
8837,1294
8008,1295
21210,1296
5693,1297
20860,1298
14562,1299
6786,1300
14075,1301
10986,1302
3836,1303
25698,1304
24428,1305
18423,1306
24022,1307
21283,1308
3502,1309
2446,1310
18342,1311
12103,1312
8384,1313
21246,1314
24841,1315
24949,1316
23409,1317
5995,1318
3287,1319
27581,1320
24145,1321
6767,1322
26723,1323
27216,1324
932,1325
17469,1326
11035,1327
26469,1328
20621,1329
9891,1330
2333,1331
24730,1332
4945,1333
5545,1334
13738,1335
23735,1336
9600,1337
2334,1338
8026,1339
14439,1340
6252,1341
17713,1342
21192,1343
21500,1344
7015,1345
20499,1346
5693,1347
16819,1348
14834,1349
18451,1350
19983,1351
24607,1352
16996,1353
18445,1354
10146,1355
25492,1356
3821,1357
10203,1358
14263,1359
23267,1360
14074,1361
13914,1362
25601,1363
1087,1364
10016,1365
21469,1366
10563,1367
22385,1368
24868,1369
17897,1370
20293,1371
6337,1372
1380,1373
25980,1374
18423,1375
9505,1376
472,1377
23723,1378
624,1379
2439,1380
26422,1381
2934,1382
6575,1383
10488,1384
11853,1385
4960,1386
2877,1387
1493,1388
27363,1389
21500,1390
11586,1391
27554,1392
679,1393
17380,1394
22182,1395
25531,1396
12760,1397
17363,1398
18914,1399
22697,1400
21094,1401
6687,1402
16553,1403
24743,1404
13167,1405
20405,1406
21856,1407
5244,1408
24095,1409
15092,1410
19563,1411
25675,1412
1107,1413
14681,1414
3442,1415
11222,1416
22720,1417
13068,1418
12897,1419
8581,1420
19203,1421
9060,1422
10413,1423
19375,1424
9476,1425
7642,1426
23320,1427
21045,1428
16509,1429
14087,1430
22641,1431
22484,1432
5401,1433
1138,1434
25790,1435
13150,1436
12253,1437
16842,1438
23447,1439
6892,1440
15389,1441
20745,1442
19949,1443
26440,1444
17531,1445
24730,1446
15922,1447
17167,1448
5014,1449
1344,1450
14630,1451
13416,1452
14396,1453
5812,1454
15303,1455
17078,1456
21049,1457
6156,1458
23473,1459
17118,1460
20692,1461
5171,1462
26664,1463
15811,1464
903,1465
25413,1466
14827,1467
1443,1468
25693,1469
755,1470
24095,1471
17652,1472
18799,1473
18336,1474
16354,1475
20049,1476
5611,1477
14544,1478
10105,1479
27703,1480
27314,1481
8680,1482
25549,1483
579,1484
12587,1485
786,1486
18532,1487
19451,1488
22846,1489
23221,1490
23905,1491
12805,1492
4029,1493
13217,1494
14541,1495
27234,1496
13390,1497
3205,1498
10109,1499
5456,1500
3711,1501
20111,1502
13791,1503
5265,1504
8148,1505
20370,1506
2414,1507
5464,1508
25161,1509
21991,1510
26801,1511
19440,1512
5173,1513
23859,1514
22888,1515
734,1516
1178,1517
21577,1518
25438,1519
10419,1520
15827,1521
19655,1522
27602,1523
13578,1524
25893,1525
14218,1526
24192,1527
13964,1528
4956,1529
6179,1530
3996,1531
16895,1532
27076,1533
7171,1534
14338,1535
7509,1536
21889,1537
25462,1538
18739,1539
19518,1540
23167,1541
27427,1542
24393,1543
4789,1544
25794,1545
1116,1546
6344,1547
14512,1548
13246,1549
1323,1550
3284,1551
26304,1552
268,1553
14470,1554
13342,1555
19512,1556
964,1557
7863,1558
8143,1559
25233,1560
13618,1561
8847,1562
7033,1563
218,1564
20922,1565
24313,1566
17783,1567
22193,1568
27254,1569
4352,1570
5336,1571
3457,1572
15089,1573
13572,1574
6713,1575
14064,1576
12326,1577
21678,1578
12119,1579
26767,1580
25577,1581
14099,1582
3913,1583
7593,1584
24114,1585
4841,1586
132,1587
20425,1588
9134,1589
11368,1590
6573,1591
7140,1592
1821,1593
11876,1594
23759,1595
7689,1596
3837,1597
16305,1598
15234,1599
15334,1600
13801,1601
4096,1602
22448,1603
10099,1604
22876,1605
4533,1606
18827,1607
1127,1608
6839,1609
17364,1610
22679,1611
27785,1612
2687,1613
16765,1614
15299,1615
19129,1616
15854,1617
4267,1618
7372,1619
25776,1620
642,1621
4659,1622
21462,1623
3726,1624
17759,1625
5512,1626
7654,1627
23317,1628
10230,1629
14425,1630
4817,1631
19697,1632
10494,1633
8954,1634
5653,1635
852,1636
19914,1637
550,1638
10752,1639
6225,1640
15354,1641
1634,1642
22509,1643
13638,1644
3397,1645
14852,1646
14686,1647
4555,1648
13614,1649
4245,1650
21972,1651
18093,1652
8666,1653
21521,1654
8900,1655
3526,1656
2177,1657
23372,1658
17686,1659
8398,1660
19643,1661
13857,1662
6578,1663
17843,1664
26316,1665
2872,1666
613,1667
11169,1668
21977,1669
3113,1670
13986,1671
19924,1672
26660,1673
1737,1674
5195,1675
21290,1676
16311,1677
12946,1678
875,1679
20412,1680
11930,1681
26335,1682
225,1683
24581,1684
7383,1685
25265,1686
17387,1687
15518,1688
19206,1689
8545,1690
20328,1691
9617,1692
4248,1693
24880,1694
930,1695
26769,1696
25640,1697
11113,1698
15488,1699
17081,1700
18272,1701
19229,1702
19118,1703
20827,1704
10278,1705
25606,1706
15273,1707
3829,1708
24684,1709
27648,1710
5655,1711
4487,1712
10110,1713
14324,1714
15663,1715
1035,1716
27245,1717
13783,1718
27215,1719
13000,1720
21452,1721
20319,1722
4394,1723
23843,1724
11096,1725
19778,1726
13072,1727
22663,1728
21777,1729
9799,1730
19337,1731
3332,1732
20679,1733
17020,1734
27240,1735
20241,1736
4794,1737
7906,1738
2379,1739
18504,1740
22635,1741
24054,1742
964,1743
23811,1744
11930,1745
11410,1746
24578,1747
770,1748
26940,1749
20340,1750
19247,1751
23436,1752
11320,1753
2964,1754
19409,1755
8912,1756
1066,1757
25737,1758
9723,1759
11640,1760
10636,1761
9255,1762
3077,1763
10650,1764
8701,1765
27311,1766
24874,1767
2573,1768
18500,1769
13278,1770
16031,1771
4637,1772
10501,1773
26031,1774
7642,1775
1296,1776
4487,1777
10662,1778
27780,1779
16825,1780
22572,1781
10085,1782
22851,1783
2818,1784
14648,1785
6357,1786
26284,1787
12581,1788
630,1789
2243,1790
25253,1791
24014,1792
22561,1793
5262,1794
19592,1795
23142,1796
20409,1797
1910,1798
21482,1799
11709,1800
20411,1801
1652,1802
18071,1803
13369,1804
24954,1805
10995,1806
16490,1807
5449,1808
27412,1809
7078,1810
16864,1811
25764,1812
1332,1813
5968,1814
3934,1815
22841,1816
5677,1817
24280,1818
5205,1819
2572,1820
10314,1821
3492,1822
16706,1823
4295,1824
14287,1825
20686,1826
8341,1827
1662,1828
77,1829
12512,1830
10490,1831
21896,1832
21639,1833
17587,1834
7930,1835
27278,1836
9229,1837
6281,1838
27513,1839
18712,1840
26591,1841
975,1842
10832,1843
10621,1844
8963,1845
26963,1846
10196,1847
20131,1848
5816,1849
6504,1850
14853,1851
9428,1852
3533,1853
14078,1854
3836,1855
14006,1856
18098,1857
15030,1858
16205,1859
7557,1860
14250,1861
11663,1862
20698,1863
10214,1864
24701,1865
25096,1866
15809,1867
9392,1868
23979,1869
25628,1870
12688,1871
18631,1872
20702,1873
8338,1874
16267,1875
18602,1876
21730,1877
5436,1878
17465,1879
25128,1880
22512,1881
16852,1882
8325,1883
26069,1884
15791,1885
14083,1886
21451,1887
24357,1888
19875,1889
23376,1890
8196,1891
27495,1892
2059,1893
17760,1894
7795,1895
8199,1896
7578,1897
27476,1898
19403,1899
14765,1900
20179,1901
12615,1902
24718,1903
10360,1904
24448,1905
22504,1906
22247,1907
3295,1908
19977,1909
17336,1910
5425,1911
8641,1912
22887,1913
8937,1914
17488,1915
25528,1916
18386,1917
23312,1918
23094,1919
21742,1920
10933,1921
24231,1922
18784,1923
27689,1924
5193,1925
1138,1926
3085,1927
21385,1928
25951,1929
27255,1930
6592,1931
3140,1932
8277,1933
13505,1934
6872,1935
10499,1936
6553,1937
10606,1938
2224,1939
7494,1940
13033,1941
18822,1942
12499,1943
13405,1944
25545,1945
25928,1946
10603,1947
13435,1948
21519,1949
13447,1950
14129,1951
8961,1952
19008,1953
8958,1954
4317,1955
15076,1956
15532,1957
27366,1958
18908,1959
11406,1960
16524,1961
20899,1962
17293,1963
20041,1964
11835,1965
23354,1966
26861,1967
10088,1968
21538,1969
381,1970
6267,1971
19313,1972
15446,1973
6935,1974
3038,1975
14539,1976
4691,1977
18000,1978
7166,1979
4042,1980
17509,1981
21798,1982
24941,1983
13392,1984
7160,1985
2550,1986
8254,1987
22033,1988
24383,1989
18204,1990
16624,1991
24086,1992
24382,1993
465,1994
25417,1995
23338,1996
327,1997
5919,1998
17164,1999
158,2000
14785,2001
7104,2002
9998,2003
2082,2004
2374,2005
20389,2006
19515,2007
9399,2008
23648,2009
392,2010
5053,2011
3198,2012
14385,2013
21750,2014
7662,2015
18697,2016
2073,2017
7935,2018
27484,2019
14617,2020
23045,2021
20028,2022
20581,2023
18612,2024
20221,2025
17825,2026
22422,2027
22631,2028
23522,2029
3929,2030
22814,2031
4234,2032
23825,2033
23075,2034
20744,2035
14611,2036
10945,2037
8276,2038
8012,2039
3158,2040
13850,2041
23789,2042
25835,2043
26080,2044
20816,2045
22606,2046
17924,2047
14707,2048
6868,2049
12847,2050
24627,2051
2411,2052
10335,2053
6495,2054
16584,2055
9518,2056
2583,2057
5581,2058
24402,2059
3136,2060
19153,2061
6061,2062
11231,2063
6564,2064
25113,2065
14063,2066
23794,2067
4740,2068
26137,2069
11592,2070
12123,2071
1340,2072
5678,2073
12609,2074
220,2075
10653,2076
10186,2077
9554,2078
14261,2079
26451,2080
4277,2081
3649,2082
2898,2083
16276,2084
7060,2085
21838,2086
24154,2087
20994,2088
23621,2089
22024,2090
2708,2091
23358,2092
16816,2093
15498,2094
22684,2095
26336,2096
10192,2097
6121,2098
19035,2099
26923,2100
12621,2101
18049,2102
12339,2103
9303,2104
4772,2105
27351,2106
21914,2107
16138,2108
2842,2109
1801,2110
25955,2111
11099,2112
22387,2113
13910,2114
4505,2115
9654,2116
21828,2117
25248,2118
8900,2119
20320,2120
27183,2121
2535,2122
16160,2123
13853,2124
15155,2125
14228,2126
21846,2127
4197,2128
13202,2129
12506,2130
8917,2131
21870,2132
9181,2133
18467,2134
22636,2135
10866,2136
14330,2137
5561,2138
24518,2139
11349,2140
16271,2141
6438,2142
21963,2143
12126,2144
12683,2145
13098,2146
4774,2147
17062,2148
23814,2149
20256,2150
24291,2151
25108,2152
27511,2153
18452,2154
16543,2155
26,2156
5020,2157
17700,2158
6538,2159
1596,2160
6306,2161
23181,2162
21184,2163
20238,2164
7634,2165
14518,2166
27177,2167
9510,2168
8734,2169
10273,2170
21482,2171
3643,2172
22215,2173
7064,2174
9237,2175
14544,2176
13118,2177
24678,2178
7871,2179
13676,2180
5893,2181
24249,2182
26709,2183
22835,2184
16840,2185
14564,2186
22530,2187
26021,2188
27389,2189
25215,2190
12213,2191
17786,2192
24523,2193
1248,2194
27331,2195
19586,2196
5532,2197
5608,2198
7386,2199
20901,2200
25362,2201
12689,2202
19354,2203
7996,2204
21980,2205
14969,2206
26784,2207
1741,2208
12255,2209
903,2210
10439,2211
4323,2212
26921,2213
17113,2214
3320,2215
8570,2216
18966,2217
26265,2218
22496,2219
2137,2220
15793,2221
5073,2222
12166,2223
8430,2224
19444,2225
25379,2226
7039,2227
7326,2228
10213,2229
10521,2230
3777,2231
16768,2232
13097,2233
15490,2234
21391,2235
23025,2236
17453,2237
16052,2238
7636,2239
19266,2240
15007,2241
10419,2242
27800,2243
8184,2244
10708,2245
8065,2246
23475,2247
1828,2248
10747,2249
14377,2250
23313,2251
4097,2252
7167,2253
25701,2254
19332,2255
22373,2256
25770,2257
22097,2258
19564,2259
18425,2260
21989,2261
12593,2262
17901,2263
14756,2264
21450,2265
16258,2266
10311,2267
13960,2268
16893,2269
8099,2270
9258,2271
23115,2272
4109,2273
15740,2274
15893,2275
22659,2276
24652,2277
26008,2278
19003,2279
14776,2280
17391,2281
12785,2282
22684,2283
23151,2284
25985,2285
4450,2286
401,2287
11702,2288
1131,2289
5527,2290
4019,2291
5417,2292
24290,2293
23061,2294
4661,2295
8393,2296
7364,2297
5654,2298
21424,2299
13795,2300
19856,2301
17213,2302
6002,2303
13036,2304
19758,2305
19146,2306
22600,2307
21979,2308
9200,2309
5626,2310
16357,2311
27387,2312
20041,2313
4971,2314
16225,2315
1179,2316
3147,2317
19459,2318
19322,2319
10226,2320
6522,2321
18221,2322
3692,2323
21231,2324
8567,2325
12341,2326
10610,2327
15236,2328
10436,2329
360,2330
262,2331
8942,2332
9077,2333
9972,2334
22197,2335
5941,2336
23762,2337
20892,2338
12357,2339
18381,2340
14766,2341
14088,2342
14229,2343
25159,2344
9359,2345
2128,2346
11508,2347
11790,2348
7688,2349
16743,2350
26294,2351
13052,2352
4415,2353
23330,2354
8038,2355
19693,2356
6137,2357
15083,2358
13331,2359
20742,2360
1426,2361
27355,2362
829,2363
26476,2364
4916,2365
7175,2366
21925,2367
16275,2368
20890,2369
12177,2370
3581,2371
19023,2372
712,2373
12012,2374
7144,2375
15974,2376
18244,2377
17020,2378
21244,2379
3464,2380
12739,2381
24741,2382
15175,2383
2132,2384
25296,2385
26177,2386
24069,2387
24447,2388
15772,2389
19737,2390
18025,2391
12512,2392
15772,2393
3920,2394
1526,2395
5888,2396
15527,2397
9903,2398
397,2399
15528,2400
20345,2401
2866,2402
18413,2403
17640,2404
2753,2405
10662,2406
16010,2407
26108,2408
22470,2409
16974,2410
7805,2411
22358,2412
2099,2413
14331,2414
21014,2415
6578,2416
7478,2417
8131,2418
15659,2419
26778,2420
21641,2421
4095,2422
22024,2423
21481,2424
16003,2425
13880,2426
6082,2427
11456,2428
21790,2429
15948,2430
26666,2431
9926,2432
4178,2433
558,2434
11592,2435
20967,2436
1446,2437
13647,2438
14397,2439
19773,2440
15124,2441
22855,2442
1537,2443
24965,2444
358,2445
16061,2446
13303,2447
3084,2448
5351,2449
6473,2450
16646,2451
1605,2452
18213,2453
5599,2454
14052,2455
3228,2456
11348,2457
6866,2458
12407,2459
6675,2460
24802,2461
15383,2462
15234,2463
13844,2464
13887,2465
24403,2466
940,2467
26502,2468
20085,2469
21182,2470
790,2471
20255,2472
4564,2473
20357,2474
3574,2475
3594,2476
26538,2477
21873,2478
18640,2479
17943,2480
15295,2481
6561,2482
626,2483
13842,2484
14302,2485
3948,2486
8255,2487
4297,2488
17473,2489
5048,2490
16204,2491
24923,2492
16904,2493
20898,2494
5113,2495
2370,2496
21514,2497
14652,2498
10141,2499
7215,2500
7096,2501
13501,2502
22189,2503
15545,2504
19333,2505
17269,2506
6832,2507
7580,2508
26892,2509
5010,2510
73,2511
13575,2512
3186,2513
7795,2514
7954,2515
25849,2516
16259,2517
5303,2518
1755,2519
1795,2520
23157,2521
10939,2522
21534,2523
13405,2524
15273,2525
21662,2526
949,2527
9844,2528
2335,2529
27222,2530
18483,2531
14437,2532
3437,2533
24632,2534
10015,2535
9970,2536
8807,2537
24277,2538
23942,2539
4606,2540
9283,2541
2480,2542
21474,2543
4441,2544
22274,2545
13098,2546
1635,2547
17698,2548
18117,2549
22226,2550
22580,2551
198,2552
19541,2553
5579,2554
2716,2555
17718,2556
19041,2557
27558,2558
15735,2559
12910,2560
14508,2561
18111,2562
963,2563
9641,2564
11097,2565
678,2566
12252,2567
27142,2568
1037,2569
14913,2570
10930,2571
27034,2572
17696,2573
9838,2574
1760,2575
13089,2576
4339,2577
25370,2578
8228,2579
3169,2580
26487,2581
4946,2582
17704,2583
23883,2584
8516,2585
9279,2586
12212,2587
11897,2588
1179,2589
9146,2590
9250,2591
15152,2592
7605,2593
24061,2594
3152,2595
9035,2596
7567,2597
26532,2598
15449,2599
8656,2600
17299,2601
3677,2602
20276,2603
19332,2604
2457,2605
21940,2606
4389,2607
5328,2608
2696,2609
23069,2610
15448,2611
24883,2612
8997,2613
2034,2614
26103,2615
5387,2616
18065,2617
10287,2618
17402,2619
13462,2620
18553,2621
11411,2622
289,2623
27460,2624
27384,2625
16493,2626
562,2627
12664,2628
22875,2629
3417,2630
23933,2631
25585,2632
21394,2633
19887,2634
27271,2635
26111,2636
3290,2637
25044,2638
5482,2639
27010,2640
25058,2641
26169,2642
15749,2643
17370,2644
16509,2645
22160,2646
25090,2647
14294,2648
13338,2649
11628,2650
22373,2651
10785,2652
23064,2653
24210,2654
19009,2655
27549,2656
10419,2657
12650,2658
15221,2659
23881,2660
1127,2661
725,2662
6935,2663
24241,2664
14932,2665
5061,2666
13564,2667
25646,2668
5635,2669
23665,2670
2587,2671
14085,2672
12384,2673
2237,2674
1243,2675
10749,2676
6430,2677
14027,2678
6045,2679
20365,2680
9306,2681
1479,2682
2011,2683
8628,2684
13417,2685
26506,2686
10609,2687
9837,2688
2776,2689
26854,2690
16747,2691
20154,2692
2672,2693
3074,2694
19511,2695
23773,2696
542,2697
23125,2698
2058,2699
20595,2700
26380,2701
18769,2702
19150,2703
26694,2704
19319,2705
1904,2706
21189,2707
7696,2708
6639,2709
20088,2710
1493,2711
25101,2712
23549,2713
13914,2714
9893,2715
25016,2716
26998,2717
9749,2718
24029,2719
14471,2720
24158,2721
910,2722
25022,2723
14243,2724
23932,2725
25795,2726
24546,2727
14858,2728
7636,2729
4856,2730
15338,2731
24454,2732
11895,2733
20727,2734
4727,2735
17522,2736
12302,2737
23229,2738
23983,2739
6382,2740
8312,2741
3551,2742
7897,2743
5618,2744
8174,2745
1957,2746
15052,2747
11650,2748
27485,2749
8206,2750
18311,2751
24283,2752
22423,2753
19523,2754
25169,2755
11113,2756
18828,2757
14925,2758
27572,2759
4365,2760
13910,2761
27602,2762
13239,2763
27148,2764
21078,2765
13607,2766
20202,2767
24180,2768
8298,2769
22043,2770
11959,2771
2574,2772
4722,2773
15998,2774
26641,2775
4494,2776
11141,2777
23451,2778
23773,2779
3719,2780
21854,2781
25023,2782
9583,2783
7715,2784
1888,2785
4347,2786
711,2787
27396,2788
10571,2789
4400,2790
23901,2791
11369,2792
12822,2793
18027,2794
4213,2795
23191,2796
26071,2797
9833,2798
12871,2799
7073,2800
25839,2801
12669,2802
8511,2803
26473,2804
9193,2805
10485,2806
729,2807
4133,2808
10866,2809
16797,2810
13686,2811
26405,2812
17504,2813
20842,2814
2554,2815
24315,2816
19554,2817
26724,2818
1477,2819
6591,2820
15771,2821
2148,2822
8319,2823
14493,2824
4600,2825
17918,2826
24602,2827
18993,2828
25790,2829
579,2830
15562,2831
74,2832
15206,2833
8747,2834
4354,2835
19687,2836
24382,2837
23067,2838
8696,2839
2713,2840
8029,2841
721,2842
13843,2843
8344,2844
14136,2845
20604,2846
12367,2847
3514,2848
21447,2849
15638,2850
23834,2851
19274,2852
3293,2853
22149,2854
19537,2855
17435,2856
22019,2857
12059,2858
13654,2859
19306,2860
27382,2861
24329,2862
19035,2863
17902,2864
18023,2865
26635,2866
21956,2867
25004,2868
18525,2869
27605,2870
20572,2871
13669,2872
13111,2873
2944,2874
24914,2875
7902,2876
2589,2877
4847,2878
9998,2879
3048,2880
19582,2881
936,2882
9077,2883
25361,2884
26909,2885
12242,2886
24759,2887
10220,2888
24082,2889
13302,2890
1342,2891
20628,2892
6822,2893
19947,2894
18176,2895
26064,2896
114,2897
12329,2898
20096,2899
21656,2900
19850,2901
19970,2902
22273,2903
16518,2904
13075,2905
23602,2906
1940,2907
1507,2908
26231,2909
2601,2910
13624,2911
1641,2912
25626,2913
2025,2914
15616,2915
4801,2916
3420,2917
11316,2918
5841,2919
20816,2920
19120,2921
15566,2922
25089,2923
11558,2924
15492,2925
20369,2926
9522,2927
1162,2928
24996,2929
25603,2930
10,2931
17771,2932
23301,2933
25781,2934
7921,2935
25856,2936
613,2937
5625,2938
10883,2939
12607,2940
26861,2941
24403,2942
20118,2943
4493,2944
19318,2945
6932,2946
8832,2947
11805,2948
26043,2949
7589,2950
24596,2951
6871,2952
186,2953
9395,2954
25627,2955
7901,2956
15657,2957
19573,2958
23552,2959
25964,2960
17230,2961
14001,2962
7261,2963
10758,2964
15440,2965
3878,2966
6914,2967
475,2968
10339,2969
6701,2970
2835,2971
25125,2972
3426,2973
2251,2974
26904,2975
16703,2976
7257,2977
13934,2978
19358,2979
13573,2980
17405,2981
26296,2982
16998,2983
4659,2984
26438,2985
4467,2986
67,2987
11318,2988
947,2989
13340,2990
24889,2991
2134,2992
5423,2993
10872,2994
1536,2995
10256,2996
6297,2997
6984,2998
6725,2999
9683,3000
22912,3001
16721,3002
12269,3003
15097,3004
10854,3005
14584,3006
5160,3007
23629,3008
5225,3009
24524,3010
2445,3011
14041,3012
1223,3013
1870,3014
11413,3015
6907,3016
5605,3017
3447,3018
22888,3019
2721,3020
12565,3021
19153,3022
14106,3023
9459,3024
10703,3025
6688,3026
11455,3027
12413,3028
12566,3029
15664,3030
21689,3031
17290,3032
15130,3033
4615,3034
773,3035
17064,3036
26806,3037
17696,3038
18995,3039
6020,3040
27462,3041
15526,3042
10148,3043
17735,3044
19459,3045
18554,3046
20122,3047
14417,3048
11724,3049
10596,3050
23628,3051
26051,3052
23424,3053
19642,3054
25254,3055
4683,3056
25574,3057
21953,3058
18265,3059
8931,3060
19936,3061
1675,3062
1894,3063
6219,3064
16987,3065
27765,3066
13586,3067
2774,3068
20023,3069
1195,3070
17907,3071
17699,3072
27276,3073
1575,3074
8988,3075
580,3076
805,3077
1851,3078
21208,3079
11222,3080
25891,3081
19521,3082
16415,3083
937,3084
23873,3085
24189,3086
19116,3087
27790,3088
27509,3089
20226,3090
13329,3091
3062,3092
7996,3093
26071,3094
27094,3095
26652,3096
8835,3097
14682,3098
9430,3099
17087,3100
25628,3101
11382,3102
25485,3103
19952,3104
11449,3105
21130,3106
10425,3107
26695,3108
25417,3109
847,3110
3009,3111
2300,3112
17646,3113
7881,3114
2785,3115
15009,3116
3146,3117
26276,3118
5868,3119
25974,3120
27323,3121
22742,3122
6948,3123
4742,3124
9892,3125
10595,3126
7061,3127
872,3128
20147,3129
27343,3130
3144,3131
14969,3132
4925,3133
14746,3134
1377,3135
924,3136
22555,3137
18223,3138
13644,3139
10652,3140
12665,3141
4778,3142
15519,3143
2634,3144
5503,3145
22462,3146
20476,3147
11441,3148
21190,3149
23382,3150
7844,3151
18211,3152
13252,3153
7531,3154
16336,3155
4883,3156
12098,3157
16521,3158
619,3159
7758,3160
12780,3161
2175,3162
20643,3163
11303,3164
18021,3165
18668,3166
16085,3167
18551,3168
17014,3169
9208,3170
10906,3171
15007,3172
27569,3173
16816,3174
6296,3175
5411,3176
13197,3177
20951,3178
4537,3179
11743,3180
9378,3181
16041,3182
1459,3183
16545,3184
13227,3185
10136,3186
4925,3187
12215,3188
175,3189
2148,3190
13318,3191
18109,3192
21444,3193
26286,3194
5202,3195
15204,3196
14112,3197
4428,3198
15619,3199
188,3200
346,3201
6217,3202
27654,3203
26469,3204
10258,3205
23571,3206
24796,3207
12793,3208
5091,3209
26519,3210
16859,3211
11851,3212
23069,3213
13834,3214
5103,3215
9928,3216
25054,3217
8829,3218
23274,3219
13670,3220
11473,3221
4315,3222
24508,3223
26214,3224
23062,3225
8929,3226
8759,3227
26891,3228
18008,3229
6199,3230
10190,3231
21889,3232
2540,3233
3173,3234
2737,3235
17077,3236
12900,3237
27157,3238
16575,3239
18015,3240
23165,3241
11311,3242
9963,3243
24181,3244
618,3245
20542,3246
7160,3247
10630,3248
9165,3249
11427,3250
23246,3251
25136,3252
152,3253
21025,3254
21363,3255
21524,3256
7725,3257
27260,3258
890,3259
13717,3260
17738,3261
2345,3262
19607,3263
10720,3264
4768,3265
24370,3266
9253,3267
12331,3268
26473,3269
801,3270
13716,3271
22254,3272
25098,3273
9318,3274
14826,3275
15422,3276
2031,3277
26242,3278
12190,3279
24175,3280
27353,3281
10019,3282
12822,3283
10126,3284
15012,3285
12221,3286
12049,3287
22893,3288
985,3289
11695,3290
18394,3291
4360,3292
25949,3293
8320,3294
25616,3295
10130,3296
12073,3297
13168,3298
9647,3299
27244,3300
9151,3301
18230,3302
26353,3303
2828,3304
7355,3305
13765,3306
1984,3307
18114,3308
9681,3309
6358,3310
10658,3311
26236,3312
26972,3313
26080,3314
23209,3315
46,3316
22799,3317
18759,3318
18041,3319
8553,3320
9684,3321
22159,3322
15978,3323
23143,3324
9222,3325
9677,3326
14619,3327
7393,3328
21795,3329
5698,3330
7038,3331
9341,3332
5046,3333
729,3334
24557,3335
27383,3336
24008,3337
20478,3338
27653,3339
26726,3340
14037,3341
11075,3342
11220,3343
2087,3344
21378,3345
23484,3346
27303,3347
26773,3348
16528,3349
10254,3350
17778,3351
19864,3352
2537,3353
2957,3354
1942,3355
3489,3356
18983,3357
13253,3358
27333,3359
18243,3360
26740,3361
5653,3362
8867,3363
11068,3364
19648,3365
27268,3366
10592,3367
13545,3368
17862,3369
22584,3370
25317,3371
11914,3372
22917,3373
11464,3374
24346,3375
20820,3376
27072,3377
23130,3378
4122,3379
6565,3380
19525,3381
17954,3382
8493,3383
21772,3384
8891,3385
17307,3386
13990,3387
14201,3388
23498,3389
21887,3390
20770,3391
11631,3392
25314,3393
5064,3394
25286,3395
7665,3396
13450,3397
12051,3398
14709,3399
23849,3400
20013,3401
12171,3402
21362,3403
25145,3404
22093,3405
2796,3406
25093,3407
10641,3408
7782,3409
2063,3410
10195,3411
20218,3412
13009,3413
24295,3414
19382,3415
20469,3416
1993,3417
16126,3418
18564,3419
19983,3420
24884,3421
16095,3422
15223,3423
8270,3424
10797,3425
12022,3426
18902,3427
52,3428
13738,3429
734,3430
14469,3431
11488,3432
22682,3433
16703,3434
23987,3435
4409,3436
26260,3437
3596,3438
6247,3439
13819,3440
20150,3441
21993,3442
7650,3443
16239,3444
9649,3445
26261,3446
20502,3447
21164,3448
11647,3449
3040,3450
11779,3451
10403,3452
16229,3453
26107,3454
25751,3455
19288,3456
23177,3457
1936,3458
492,3459
13448,3460
10891,3461
908,3462
48,3463
17920,3464
25841,3465
3351,3466
2486,3467
3972,3468
25726,3469
6033,3470
10609,3471
3698,3472
4889,3473
3289,3474
5115,3475
21481,3476
22860,3477
22259,3478
5457,3479
20619,3480
21387,3481
11715,3482
16083,3483
24572,3484
1283,3485
16218,3486
625,3487
19650,3488
13301,3489
14774,3490
20451,3491
19514,3492
656,3493
14163,3494
18690,3495
15937,3496
7371,3497
12731,3498
12508,3499
13989,3500
23483,3501
16675,3502
3394,3503
14519,3504
1977,3505
6437,3506
10934,3507
25062,3508
15228,3509
5963,3510
25421,3511
6632,3512
11620,3513
6714,3514
449,3515
15940,3516
21091,3517
26342,3518
16973,3519
11940,3520
19836,3521
8997,3522
354,3523
4490,3524
5580,3525
19501,3526
3664,3527
9952,3528
11393,3529
21531,3530
22409,3531
9516,3532
23611,3533
20783,3534
1843,3535
135,3536
11333,3537
19936,3538
21134,3539
8257,3540
20737,3541
22710,3542
7663,3543
20088,3544
9730,3545
13759,3546
2164,3547
2114,3548
20751,3549
14656,3550
10676,3551
13682,3552
19516,3553
514,3554
16365,3555
16467,3556
19961,3557
19304,3558
27257,3559
4197,3560
21106,3561
6730,3562
24611,3563
6478,3564
26634,3565
9166,3566
17138,3567
5550,3568
27271,3569
5399,3570
14352,3571
9159,3572
23689,3573
10403,3574
25930,3575
1501,3576
8096,3577
6682,3578
5312,3579
26970,3580
1177,3581
13054,3582
13724,3583
23801,3584
6785,3585
13931,3586
5672,3587
24970,3588
17374,3589
8843,3590
4603,3591
5687,3592
5409,3593
16765,3594
14880,3595
13362,3596
4021,3597
11990,3598
3268,3599
11723,3600
24302,3601
5224,3602
9317,3603
27441,3604
11405,3605
8842,3606
21647,3607
6006,3608
290,3609
23789,3610
20854,3611
18506,3612
10983,3613
11502,3614
9238,3615
23849,3616
24777,3617
12963,3618
8188,3619
9947,3620
20756,3621
8345,3622
16196,3623
6319,3624
285,3625
27217,3626
6370,3627
17662,3628
18674,3629
506,3630
7497,3631
9793,3632
5495,3633
6955,3634
18064,3635
19501,3636
6083,3637
14534,3638
4778,3639
8191,3640
24223,3641
13100,3642
6819,3643
15115,3644
6281,3645
16171,3646
15896,3647
13981,3648
8614,3649
4620,3650
25917,3651
2091,3652
12605,3653
18599,3654
25620,3655
27547,3656
2490,3657
25871,3658
22802,3659
7092,3660
18684,3661
18173,3662
21905,3663
26617,3664
2176,3665
9241,3666
6098,3667
11777,3668
20179,3669
9284,3670
11387,3671
19765,3672
17609,3673
18228,3674
17899,3675
9530,3676
23305,3677
3303,3678
12467,3679
278,3680
24930,3681
11320,3682
500,3683
18890,3684
18968,3685
11311,3686
21322,3687
5164,3688
9226,3689
21338,3690
15186,3691
25548,3692
27336,3693
12881,3694
8727,3695
18258,3696
24974,3697
11328,3698
26348,3699
26367,3700
18747,3701
23544,3702
12534,3703
19519,3704
14038,3705
9715,3706
512,3707
22169,3708
24308,3709
19058,3710
8334,3711
16819,3712
17841,3713
22149,3714
20155,3715
7634,3716
5742,3717
9839,3718
26306,3719
14709,3720
9153,3721
2991,3722
7935,3723
13578,3724
6385,3725
9779,3726
16054,3727
20653,3728
21806,3729
9500,3730
26397,3731
13608,3732
27754,3733
12078,3734
24766,3735
1480,3736
12341,3737
1395,3738
11917,3739
14594,3740
665,3741
8252,3742
9740,3743
15680,3744
6771,3745
6682,3746
5261,3747
17815,3748
4367,3749
10034,3750
3555,3751
3319,3752
8159,3753
19096,3754
1684,3755
17277,3756
4345,3757
13011,3758
22434,3759
1383,3760
9663,3761
476,3762
24145,3763
14052,3764
26908,3765
14631,3766
5109,3767
2190,3768
19739,3769
6864,3770
1371,3771
4564,3772
27323,3773
11524,3774
20792,3775
14142,3776
13154,3777
19173,3778
12619,3779
19002,3780
22030,3781
19264,3782
18655,3783
1235,3784
6466,3785
11627,3786
22080,3787
14858,3788
5863,3789
25614,3790
10863,3791
24254,3792
18696,3793
19557,3794
12359,3795
21524,3796
16261,3797
17686,3798
3270,3799
23733,3800
18524,3801
2899,3802
15335,3803
21201,3804
18326,3805
7976,3806
23612,3807
26391,3808
21910,3809
3830,3810
18352,3811
3733,3812
14428,3813
18968,3814
20096,3815
6583,3816
10503,3817
19518,3818
8700,3819
418,3820
10497,3821
20766,3822
21928,3823
3742,3824
15454,3825
18900,3826
9208,3827
19976,3828
6355,3829
17817,3830
14923,3831
19312,3832
23106,3833
11063,3834
20350,3835
11499,3836
17613,3837
15022,3838
21051,3839
2181,3840
5470,3841
24138,3842
13631,3843
13932,3844
4514,3845
17576,3846
15795,3847
16143,3848
23909,3849
27388,3850
16776,3851
19050,3852
7215,3853
3395,3854
19257,3855
22505,3856
27707,3857
2984,3858
4527,3859
27278,3860
15317,3861
8573,3862
8781,3863
24810,3864
4993,3865
19416,3866
10919,3867
4040,3868
24060,3869
540,3870
2936,3871
22697,3872
10376,3873
26423,3874
23917,3875
7446,3876
13551,3877
26969,3878
6329,3879
7455,3880
17698,3881
15856,3882
8790,3883
14264,3884
11462,3885
23138,3886
12175,3887
16317,3888
25976,3889
4204,3890
24251,3891
6947,3892
17291,3893
2118,3894
16231,3895
19249,3896
19351,3897
22404,3898
13115,3899
1594,3900
18121,3901
24430,3902
2685,3903
2862,3904
569,3905
27461,3906
23952,3907
9595,3908
26926,3909
18085,3910
8529,3911
11290,3912
18589,3913
18809,3914
14488,3915
16031,3916
25761,3917
27401,3918
18475,3919
22061,3920
6653,3921
9794,3922
7164,3923
9266,3924
9050,3925
2215,3926
5477,3927
14639,3928
4854,3929
12089,3930
11734,3931
19710,3932
23225,3933
25642,3934
21848,3935
12328,3936
13503,3937
3173,3938
26516,3939
21419,3940
22527,3941
22495,3942
2611,3943
24244,3944
9647,3945
20786,3946
19797,3947
2101,3948
7258,3949
27251,3950
6336,3951
15598,3952
26456,3953
6935,3954
22268,3955
13488,3956
137,3957
11964,3958
12880,3959
13753,3960
7566,3961
4137,3962
23414,3963
21024,3964
7283,3965
5441,3966
17207,3967
19493,3968
17339,3969
6719,3970
11317,3971
18287,3972
6069,3973
18499,3974
25291,3975
11694,3976
4715,3977
347,3978
1719,3979
16540,3980
9066,3981
19997,3982
10026,3983
6829,3984
21395,3985
6998,3986
20400,3987
27251,3988
9961,3989
20686,3990
3202,3991
2665,3992
22503,3993
15141,3994
9879,3995
23367,3996
13601,3997
22981,3998
6055,3999
3944,4000
25346,4001
15486,4002
27660,4003
11083,4004
25568,4005
18803,4006
19588,4007
1131,4008
18571,4009
8189,4010
25782,4011
17142,4012
22685,4013
2140,4014
2305,4015
2686,4016
21966,4017
21140,4018
9900,4019
26102,4020
16229,4021
25565,4022
14848,4023
5839,4024
8968,4025
19096,4026
20585,4027
20171,4028
20685,4029
3187,4030
11586,4031
20249,4032
22612,4033
7467,4034
26007,4035
3105,4036
25930,4037
26121,4038
25265,4039
15605,4040
16231,4041
1974,4042
16781,4043
7865,4044
22023,4045
17088,4046
24035,4047
4877,4048
13826,4049
15029,4050
16770,4051
11205,4052
21557,4053
4632,4054
6204,4055
9152,4056
24074,4057
22043,4058
8635,4059
19056,4060
3633,4061
24292,4062
15240,4063
18433,4064
10927,4065
16800,4066
2356,4067
9543,4068
16356,4069
23538,4070
14730,4071
14117,4072
8232,4073
21768,4074
9167,4075
11377,4076
14358,4077
15173,4078
14865,4079
14586,4080
56,4081
9567,4082
23984,4083
18376,4084
15807,4085
7917,4086
14784,4087
1083,4088
1730,4089
4642,4090
15131,4091
3951,4092
2483,4093
594,4094
27224,4095
5089,4096
