20323,1
13699,2
19615,3
9427,4
8030,5
17953,6
19023,7
18873,8
6330,9
11315,10
17221,11
18324,12
1061,13
20873,14
25350,15
17350,16
11375,17
12507,18
20748,19
26167,20
6679,21
27516,22
8098,23
25802,24
9844,25
22510,26
20072,27
21191,28
27385,29
5103,30
6274,31
10875,32
26352,33
5303,34
25807,35
19048,36
10325,37
21811,38
3028,39
5633,40
505,41
25626,42
4743,43
27216,44
14091,45
2273,46
15824,47
19009,48
5637,49
7596,50
8870,51
9769,52
4221,53
22313,54
20707,55
17582,56
5264,57
18489,58
24080,59
5120,60
7827,61
11238,62
4941,63
10625,64
6317,65
19000,66
17008,67
167,68
2274,69
17047,70
4282,71
26089,72
1431,73
2481,74
25886,75
5421,76
4195,77
196,78
15975,79
22371,80
17137,81
6660,82
9207,83
4058,84
25719,85
19316,86
19131,87
10130,88
7802,89
16644,90
7109,91
10934,92
16629,93
10875,94
7463,95
25822,96
9495,97
7405,98
9528,99
11830,100
1529,101
12279,102
1884,103
22667,104
1662,105
19389,106
16505,107
5046,108
16348,109
16492,110
17467,111
1969,112
15901,113
1049,114
4462,115
12948,116
11539,117
15721,118
21781,119
19504,120
9254,121
21010,122
19685,123
21423,124
7539,125
20069,126
12030,127
14523,128
27384,129
13622,130
15495,131
6818,132
16423,133
10860,134
11665,135
27577,136
22137,137
8192,138
1930,139
22204,140
1411,141
17750,142
16578,143
17862,144
1789,145
19562,146
27097,147
15948,148
13794,149
15153,150
11310,151
27028,152
3585,153
8092,154
16796,155
7880,156
14263,157
7838,158
15864,159
25265,160
24685,161
18231,162
6495,163
4056,164
4831,165
15141,166
19412,167
5886,168
26734,169
30,170
27595,171
11274,172
20031,173
3857,174
25629,175
11790,176
25050,177
20609,178
1324,179
18916,180
5749,181
21492,182
24247,183
6583,184
2274,185
22367,186
537,187
17342,188
10267,189
9915,190
16225,191
10600,192
5041,193
15673,194
23194,195
17711,196
6819,197
9878,198
4465,199
11412,200
10591,201
15768,202
13187,203
17328,204
8598,205
98,206
7952,207
27363,208
19188,209
13787,210
9134,211
535,212
4043,213
11863,214
25138,215
14461,216
994,217
679,218
2863,219
16540,220
25781,221
26999,222
18364,223
9055,224
318,225
14169,226
13851,227
21047,228
6182,229
8206,230
25880,231
15898,232
11983,233
18997,234
3039,235
9654,236
24854,237
596,238
14448,239
20124,240
2258,241
21562,242
7161,243
4771,244
3219,245
27788,246
10087,247
8108,248
8856,249
20672,250
19692,251
20853,252
21513,253
13376,254
22631,255
369,256
11208,257
14785,258
13457,259
658,260
21389,261
21145,262
9673,263
23193,264
19909,265
15008,266
6378,267
280,268
27759,269
2116,270
21229,271
8222,272
7049,273
20101,274
23194,275
17846,276
626,277
23044,278
6020,279
5496,280
1192,281
58,282
7558,283
7765,284
19550,285
11527,286
18519,287
17945,288
10415,289
25249,290
23954,291
17639,292
8826,293
6249,294
15719,295
23551,296
27671,297
17692,298
11369,299
2618,300
25774,301
17017,302
24474,303
7595,304
18225,305
26085,306
25978,307
18979,308
463,309
24330,310
21293,311
1185,312
18308,313
14564,314
26258,315
4114,316
18780,317
15621,318
13484,319
17988,320
8392,321
25118,322
12637,323
25470,324
23253,325
17854,326
11099,327
10497,328
9983,329
23390,330
6098,331
24871,332
9656,333
9741,334
3193,335
1917,336
27637,337
23633,338
24403,339
10289,340
24778,341
20838,342
3249,343
569,344
20950,345
11102,346
26963,347
13455,348
671,349
8795,350
13090,351
5857,352
14809,353
21305,354
918,355
703,356
23737,357
2792,358
11866,359
4640,360
18251,361
19502,362
6521,363
14766,364
3430,365
7086,366
182,367
2897,368
13170,369
9411,370
6817,371
25835,372
20193,373
27595,374
25175,375
5454,376
2961,377
596,378
8764,379
5982,380
25427,381
7395,382
8109,383
2530,384
6971,385
27143,386
21015,387
25001,388
20195,389
20155,390
9330,391
1018,392
4755,393
46,394
7934,395
5893,396
11081,397
20788,398
15271,399
6326,400
7958,401
16877,402
26318,403
8582,404
21834,405
16742,406
7511,407
6590,408
27479,409
7494,410
15335,411
26633,412
1422,413
930,414
24194,415
18016,416
16418,417
20598,418
23984,419
12638,420
4456,421
23107,422
14499,423
6820,424
15252,425
15973,426
26822,427
20738,428
25816,429
4861,430
16762,431
10672,432
9718,433
8451,434
14935,435
181,436
18345,437
22593,438
2126,439
10964,440
19834,441
26247,442
27314,443
4277,444
17698,445
10217,446
11650,447
3921,448
19,449
20647,450
17142,451
1085,452
27296,453
9131,454
26074,455
2633,456
27052,457
9991,458
10620,459
8470,460
18466,461
14532,462
15423,463
14829,464
8257,465
24895,466
21855,467
4027,468
18503,469
3390,470
10847,471
20426,472
12286,473
12535,474
679,475
12744,476
16087,477
13433,478
20234,479
7600,480
23890,481
3787,482
13809,483
3636,484
4365,485
10389,486
5379,487
21871,488
16501,489
19811,490
4692,491
12131,492
16265,493
10651,494
6405,495
22812,496
19929,497
7962,498
13700,499
22115,500
13548,501
15880,502
5580,503
17276,504
6437,505
20476,506
23287,507
10501,508
26383,509
18161,510
19416,511
27399,512
9363,513
22123,514
17798,515
8027,516
1769,517
7612,518
25087,519
14703,520
5602,521
26874,522
20380,523
9105,524
21738,525
4717,526
1525,527
27601,528
17823,529
19291,530
15435,531
15413,532
2090,533
7557,534
10996,535
12400,536
9425,537
13120,538
5672,539
4365,540
19204,541
1348,542
3658,543
13876,544
14227,545
22550,546
14866,547
9811,548
292,549
17788,550
7807,551
24800,552
4369,553
6665,554
21243,555
8790,556
21960,557
16223,558
12900,559
1940,560
7928,561
21354,562
7967,563
10232,564
21955,565
5139,566
27327,567
16955,568
21463,569
13560,570
18326,571
25521,572
16038,573
23057,574
21226,575
17005,576
20408,577
6555,578
26722,579
24869,580
233,581
21952,582
27739,583
11559,584
15737,585
13789,586
27463,587
18196,588
4767,589
9140,590
15708,591
7300,592
1035,593
26828,594
27336,595
16895,596
22159,597
4134,598
15736,599
20997,600
2519,601
12745,602
24202,603
1280,604
11617,605
13492,606
15307,607
6659,608
6656,609
2331,610
5152,611
25470,612
21983,613
11163,614
7554,615
12944,616
19630,617
23744,618
4756,619
14492,620
9726,621
2191,622
1338,623
3941,624
19381,625
4671,626
20615,627
10976,628
19880,629
4381,630
1853,631
6865,632
12784,633
23270,634
7456,635
23056,636
14456,637
11881,638
5754,639
5909,640
390,641
16034,642
11156,643
22297,644
2319,645
11619,646
6141,647
9416,648
19577,649
4089,650
10493,651
7918,652
19219,653
19240,654
9672,655
1585,656
26841,657
15595,658
14613,659
4904,660
14139,661
24745,662
19429,663
25136,664
26425,665
1093,666
25714,667
9581,668
10923,669
23012,670
27530,671
8830,672
25257,673
17798,674
11752,675
14407,676
3517,677
5502,678
12814,679
17265,680
12875,681
20376,682
13091,683
437,684
23313,685
18828,686
1487,687
22411,688
5097,689
20817,690
13479,691
15298,692
17653,693
13533,694
5332,695
27270,696
2534,697
24453,698
19046,699
16589,700
19691,701
19764,702
20484,703
16481,704
40,705
18120,706
17406,707
1745,708
12335,709
25615,710
26512,711
22051,712
23307,713
15356,714
24231,715
6935,716
8167,717
25298,718
15871,719
15381,720
8944,721
3629,722
14477,723
9443,724
12216,725
16115,726
7359,727
11076,728
18649,729
7039,730
15165,731
25159,732
14098,733
8193,734
4148,735
24219,736
5990,737
12170,738
3962,739
4616,740
23995,741
6705,742
2938,743
2422,744
1787,745
12232,746
15575,747
27771,748
7000,749
16624,750
913,751
27770,752
6115,753
14501,754
2911,755
25560,756
22262,757
15830,758
9715,759
6295,760
21937,761
2038,762
7921,763
15049,764
18306,765
16158,766
9221,767
15977,768
4993,769
14462,770
8359,771
6689,772
21905,773
5231,774
3276,775
16490,776
12010,777
18993,778
9273,779
471,780
18978,781
13827,782
12826,783
22178,784
2104,785
691,786
9607,787
21962,788
739,789
4290,790
15696,791
11518,792
4425,793
12624,794
9564,795
17192,796
15756,797
5470,798
16018,799
21091,800
9582,801
17065,802
8858,803
16173,804
19930,805
8979,806
16198,807
17099,808
5972,809
23115,810
8579,811
8623,812
18482,813
10513,814
4933,815
6354,816
5114,817
4275,818
8517,819
11224,820
27791,821
3016,822
26104,823
21478,824
18335,825
4042,826
26553,827
6300,828
3621,829
13454,830
11077,831
11253,832
9650,833
10380,834
6852,835
22723,836
408,837
3888,838
9268,839
7721,840
23523,841
21031,842
18848,843
25028,844
26919,845
20581,846
12885,847
3133,848
25753,849
5663,850
15913,851
6660,852
15894,853
8620,854
24610,855
5677,856
3742,857
6063,858
14508,859
22864,860
26388,861
23394,862
22930,863
26861,864
17332,865
10858,866
4414,867
16914,868
25936,869
20031,870
15099,871
10657,872
9595,873
26733,874
19859,875
23272,876
24674,877
21659,878
13160,879
27332,880
274,881
24312,882
1891,883
3562,884
5862,885
541,886
25679,887
5197,888
12460,889
27742,890
6948,891
24054,892
21764,893
8765,894
25782,895
4449,896
7622,897
12264,898
16598,899
16656,900
24449,901
17691,902
2022,903
14383,904
27658,905
3916,906
712,907
12843,908
9017,909
16721,910
10960,911
13976,912
26623,913
3941,914
3467,915
22998,916
24913,917
11345,918
18230,919
13999,920
21787,921
6943,922
725,923
19625,924
7195,925
12229,926
16983,927
361,928
4965,929
27301,930
7269,931
17155,932
26141,933
2857,934
1950,935
11268,936
7432,937
27517,938
1674,939
25574,940
3374,941
19231,942
23841,943
3742,944
23521,945
10575,946
22180,947
23535,948
7299,949
9343,950
27460,951
6222,952
5463,953
17061,954
15252,955
20133,956
23087,957
9124,958
18035,959
4282,960
9971,961
24965,962
26536,963
3425,964
18050,965
10630,966
22756,967
14441,968
58,969
7313,970
23942,971
25633,972
17919,973
17435,974
16674,975
1666,976
8221,977
20436,978
12063,979
14554,980
27747,981
10596,982
16797,983
26034,984
11575,985
8002,986
19641,987
19910,988
27367,989
367,990
26931,991
9973,992
16494,993
13885,994
21456,995
25374,996
244,997
12161,998
23207,999
25987,1000
23122,1001
2395,1002
1975,1003
21095,1004
17126,1005
1219,1006
10400,1007
9656,1008
19747,1009
20661,1010
13594,1011
9676,1012
13546,1013
3242,1014
19237,1015
6372,1016
24965,1017
26804,1018
5838,1019
14795,1020
19440,1021
1069,1022
5263,1023
9543,1024
7854,1025
21381,1026
15172,1027
1775,1028
21147,1029
23196,1030
6076,1031
12105,1032
23866,1033
14280,1034
5220,1035
15637,1036
5496,1037
23718,1038
3095,1039
10328,1040
21271,1041
5747,1042
16541,1043
14956,1044
19697,1045
17793,1046
25394,1047
11736,1048
3427,1049
331,1050
13081,1051
26819,1052
4268,1053
8308,1054
11299,1055
22475,1056
15632,1057
23874,1058
14942,1059
3895,1060
25177,1061
24912,1062
6983,1063
24240,1064
16183,1065
9419,1066
1902,1067
22796,1068
9013,1069
19630,1070
9201,1071
13416,1072
4088,1073
8747,1074
24396,1075
24019,1076
10518,1077
9750,1078
17521,1079
15221,1080
4273,1081
25407,1082
20293,1083
24615,1084
19002,1085
3651,1086
6353,1087
20385,1088
18570,1089
23268,1090
10536,1091
17754,1092
13201,1093
2943,1094
6766,1095
21310,1096
2107,1097
4273,1098
19041,1099
3751,1100
7930,1101
19762,1102
22306,1103
25713,1104
15124,1105
392,1106
14544,1107
20151,1108
9664,1109
27227,1110
10486,1111
16177,1112
11988,1113
26380,1114
12255,1115
17614,1116
27551,1117
18246,1118
1763,1119
25562,1120
15264,1121
19062,1122
7392,1123
19213,1124
15296,1125
21156,1126
17646,1127
4735,1128
11492,1129
18311,1130
3558,1131
6716,1132
15553,1133
11048,1134
12666,1135
154,1136
24557,1137
17618,1138
16600,1139
13150,1140
6856,1141
24047,1142
16281,1143
25790,1144
23081,1145
3552,1146
24927,1147
18167,1148
16724,1149
10216,1150
18193,1151
21822,1152
20392,1153
15219,1154
11109,1155
392,1156
14859,1157
24322,1158
9495,1159
21407,1160
9603,1161
6149,1162
24005,1163
7401,1164
24929,1165
25968,1166
15107,1167
14303,1168
22843,1169
20972,1170
3058,1171
27508,1172
10588,1173
13461,1174
15487,1175
4006,1176
26675,1177
10511,1178
3078,1179
10617,1180
15928,1181
27074,1182
24072,1183
11338,1184
12275,1185
6186,1186
18897,1187
3041,1188
18685,1189
9215,1190
9909,1191
6758,1192
6304,1193
19090,1194
6541,1195
6688,1196
18109,1197
16473,1198
1427,1199
10893,1200
13459,1201
9234,1202
9346,1203
14140,1204
24364,1205
6374,1206
19095,1207
25843,1208
19846,1209
27176,1210
26344,1211
10739,1212
12574,1213
13601,1214
20015,1215
22822,1216
26428,1217
25469,1218
17973,1219
19837,1220
22787,1221
8019,1222
16575,1223
24071,1224
5361,1225
12142,1226
6182,1227
24036,1228
10167,1229
12915,1230
10000,1231
18021,1232
12614,1233
1955,1234
10564,1235
19305,1236
2087,1237
12133,1238
26076,1239
9775,1240
2112,1241
6648,1242
13928,1243
20906,1244
13478,1245
15969,1246
18978,1247
15416,1248
5799,1249
6523,1250
18714,1251
13853,1252
12958,1253
23080,1254
14,1255
10240,1256
16306,1257
19459,1258
12290,1259
14410,1260
16748,1261
11879,1262
4281,1263
14815,1264
280,1265
1144,1266
27637,1267
26814,1268
5036,1269
18456,1270
15686,1271
9176,1272
4680,1273
12413,1274
20171,1275
20017,1276
1981,1277
3527,1278
5548,1279
11999,1280
19449,1281
12071,1282
11352,1283
589,1284
108,1285
24214,1286
24503,1287
1173,1288
17650,1289
3064,1290
11273,1291
14619,1292
763,1293
9981,1294
16312,1295
26502,1296
17219,1297
15517,1298
17961,1299
1832,1300
4317,1301
6129,1302
2350,1303
10208,1304
15414,1305
1030,1306
8767,1307
15988,1308
13250,1309
3403,1310
13417,1311
16989,1312
15467,1313
25473,1314
13024,1315
25737,1316
6924,1317
8582,1318
14460,1319
2675,1320
10448,1321
14394,1322
625,1323
18545,1324
20681,1325
16830,1326
19123,1327
3975,1328
18706,1329
8276,1330
23261,1331
25045,1332
23942,1333
26253,1334
14073,1335
14727,1336
21987,1337
1048,1338
23209,1339
21771,1340
21887,1341
19611,1342
15164,1343
24516,1344
25749,1345
27119,1346
10565,1347
10858,1348
5880,1349
11910,1350
498,1351
7309,1352
23225,1353
1308,1354
9915,1355
26148,1356
24294,1357
19315,1358
731,1359
16189,1360
13252,1361
18682,1362
18528,1363
16691,1364
12797,1365
6395,1366
22192,1367
18911,1368
6369,1369
20822,1370
2710,1371
10522,1372
3321,1373
14724,1374
13627,1375
5743,1376
16236,1377
22145,1378
21468,1379
23109,1380
3224,1381
15424,1382
10933,1383
18213,1384
12608,1385
11344,1386
17507,1387
16021,1388
10904,1389
8459,1390
17280,1391
4595,1392
13654,1393
12515,1394
18169,1395
23664,1396
1615,1397
8578,1398
17112,1399
26645,1400
1874,1401
18882,1402
22168,1403
16757,1404
2161,1405
9719,1406
1198,1407
14355,1408
22171,1409
19504,1410
22764,1411
23604,1412
18694,1413
26586,1414
25876,1415
24252,1416
21183,1417
12630,1418
13256,1419
8305,1420
5830,1421
13232,1422
2879,1423
17247,1424
22785,1425
17549,1426
22266,1427
13057,1428
16660,1429
21523,1430
7565,1431
14251,1432
18137,1433
20293,1434
10762,1435
21998,1436
12846,1437
23939,1438
9493,1439
20954,1440
12248,1441
17976,1442
25888,1443
12009,1444
16575,1445
27741,1446
21679,1447
9930,1448
8616,1449
27623,1450
12550,1451
23328,1452
14052,1453
2274,1454
3479,1455
4946,1456
26351,1457
15717,1458
25400,1459
6336,1460
352,1461
10101,1462
26838,1463
13390,1464
844,1465
17512,1466
5819,1467
14217,1468
6291,1469
22009,1470
26932,1471
4640,1472
9961,1473
26946,1474
19466,1475
11254,1476
10539,1477
15139,1478
22338,1479
59,1480
23406,1481
23540,1482
21686,1483
19400,1484
8619,1485
15027,1486
621,1487
13633,1488
20393,1489
9076,1490
4627,1491
25813,1492
16903,1493
27338,1494
6907,1495
6270,1496
20857,1497
17231,1498
24349,1499
26422,1500
19083,1501
6723,1502
6701,1503
23758,1504
27272,1505
10706,1506
2469,1507
3587,1508
8605,1509
17103,1510
18819,1511
155,1512
20112,1513
4386,1514
10201,1515
4388,1516
9424,1517
21750,1518
20183,1519
22250,1520
17941,1521
9290,1522
25619,1523
20277,1524
20019,1525
27519,1526
21007,1527
22453,1528
25405,1529
10751,1530
24945,1531
15360,1532
27189,1533
7678,1534
20685,1535
15517,1536
5217,1537
6553,1538
24321,1539
12607,1540
20661,1541
7920,1542
6560,1543
27204,1544
17196,1545
26508,1546
1376,1547
15216,1548
2090,1549
12943,1550
25640,1551
10002,1552
7011,1553
6276,1554
22092,1555
20010,1556
16823,1557
19903,1558
4840,1559
20166,1560
13308,1561
6922,1562
15668,1563
25226,1564
21254,1565
21225,1566
3273,1567
19668,1568
11730,1569
27383,1570
9507,1571
25407,1572
17322,1573
23328,1574
2113,1575
8347,1576
11572,1577
26469,1578
2857,1579
20893,1580
2846,1581
12299,1582
12911,1583
2762,1584
26764,1585
27201,1586
27076,1587
20711,1588
16296,1589
6950,1590
13049,1591
24810,1592
22512,1593
16416,1594
2048,1595
24663,1596
5433,1597
13001,1598
2608,1599
19837,1600
1517,1601
26855,1602
6230,1603
5102,1604
6971,1605
4900,1606
11131,1607
20197,1608
11328,1609
17347,1610
27649,1611
27142,1612
19124,1613
13185,1614
939,1615
15203,1616
379,1617
7807,1618
21862,1619
13387,1620
12464,1621
12913,1622
9933,1623
24177,1624
13354,1625
15156,1626
25449,1627
952,1628
3176,1629
10821,1630
21718,1631
14262,1632
27778,1633
10532,1634
24918,1635
21513,1636
8522,1637
12845,1638
3303,1639
6779,1640
19781,1641
13920,1642
10828,1643
21142,1644
17110,1645
5504,1646
1415,1647
27696,1648
19762,1649
4341,1650
14337,1651
21201,1652
2346,1653
8160,1654
802,1655
9639,1656
9034,1657
25909,1658
13753,1659
5555,1660
14353,1661
9883,1662
5609,1663
10066,1664
15981,1665
14945,1666
22722,1667
27339,1668
3329,1669
876,1670
5470,1671
4945,1672
26494,1673
20422,1674
11273,1675
6635,1676
7469,1677
9498,1678
23252,1679
25761,1680
25481,1681
23170,1682
13050,1683
4247,1684
10859,1685
7281,1686
3430,1687
24295,1688
20581,1689
12199,1690
462,1691
11962,1692
7130,1693
23955,1694
2158,1695
24475,1696
17300,1697
10191,1698
6189,1699
2756,1700
5269,1701
15114,1702
7041,1703
15252,1704
5238,1705
25250,1706
3257,1707
18182,1708
26802,1709
5286,1710
609,1711
18667,1712
21960,1713
24170,1714
8239,1715
21520,1716
11445,1717
7315,1718
26471,1719
23424,1720
6589,1721
1613,1722
17092,1723
2936,1724
222,1725
4481,1726
24086,1727
9579,1728
24094,1729
4124,1730
1848,1731
23538,1732
26561,1733
10663,1734
11401,1735
18824,1736
2324,1737
2619,1738
8662,1739
3347,1740
14823,1741
8375,1742
5907,1743
9375,1744
21572,1745
14490,1746
15405,1747
10564,1748
20480,1749
16340,1750
27016,1751
19950,1752
6734,1753
21416,1754
20312,1755
9099,1756
13066,1757
16894,1758
1305,1759
6480,1760
14799,1761
14467,1762
5953,1763
2480,1764
22717,1765
8801,1766
10844,1767
1169,1768
9442,1769
4583,1770
13694,1771
17682,1772
4361,1773
13103,1774
24914,1775
27039,1776
23482,1777
10243,1778
14628,1779
18955,1780
4010,1781
5601,1782
14133,1783
14411,1784
4179,1785
13315,1786
20687,1787
15443,1788
22944,1789
6789,1790
18271,1791
539,1792
5761,1793
20071,1794
24587,1795
21671,1796
11294,1797
10880,1798
24076,1799
10748,1800
10279,1801
9769,1802
3779,1803
9592,1804
12440,1805
26443,1806
16841,1807
27432,1808
27257,1809
5134,1810
8049,1811
25662,1812
13865,1813
7620,1814
20326,1815
15302,1816
17387,1817
5431,1818
23722,1819
13815,1820
12475,1821
17949,1822
2173,1823
6013,1824
26613,1825
2541,1826
9496,1827
4400,1828
2944,1829
2584,1830
1634,1831
2052,1832
6298,1833
1488,1834
5407,1835
1422,1836
21737,1837
25345,1838
9184,1839
22775,1840
25608,1841
1667,1842
893,1843
19597,1844
24877,1845
26613,1846
24337,1847
10744,1848
4238,1849
13152,1850
5671,1851
6748,1852
24058,1853
225,1854
1995,1855
18614,1856
19171,1857
22624,1858
23325,1859
5727,1860
22843,1861
20760,1862
16322,1863
19302,1864
21642,1865
25014,1866
23704,1867
27248,1868
24599,1869
4444,1870
4891,1871
23862,1872
4099,1873
21489,1874
17240,1875
1710,1876
1483,1877
11469,1878
19929,1879
2737,1880
23353,1881
2560,1882
7518,1883
18241,1884
26628,1885
13654,1886
1834,1887
2834,1888
21358,1889
25481,1890
22517,1891
9509,1892
34,1893
4744,1894
15696,1895
25618,1896
3785,1897
1542,1898
14761,1899
22009,1900
18394,1901
2918,1902
7692,1903
16960,1904
3408,1905
11463,1906
11535,1907
21835,1908
26904,1909
2524,1910
8198,1911
20535,1912
13083,1913
27642,1914
13459,1915
269,1916
11811,1917
22442,1918
19224,1919
25238,1920
24396,1921
14398,1922
8647,1923
10430,1924
25205,1925
16124,1926
26403,1927
17206,1928
9182,1929
21810,1930
3946,1931
23447,1932
7826,1933
27070,1934
26581,1935
3261,1936
21706,1937
6944,1938
9488,1939
44,1940
22174,1941
7219,1942
24647,1943
1966,1944
22350,1945
12973,1946
3174,1947
24296,1948
13605,1949
1762,1950
15770,1951
5440,1952
3789,1953
8991,1954
19864,1955
19570,1956
3682,1957
20553,1958
3989,1959
5461,1960
6591,1961
7136,1962
16526,1963
19533,1964
14191,1965
7670,1966
3831,1967
17483,1968
7410,1969
23956,1970
5678,1971
27650,1972
443,1973
21739,1974
6377,1975
15355,1976
3541,1977
16053,1978
11053,1979
7051,1980
23801,1981
23693,1982
9376,1983
2329,1984
12869,1985
10372,1986
18069,1987
21308,1988
10530,1989
10192,1990
23333,1991
6024,1992
21019,1993
16932,1994
15238,1995
25284,1996
8171,1997
14497,1998
213,1999
14391,2000
25718,2001
13918,2002
7132,2003
7823,2004
22365,2005
4000,2006
27701,2007
15710,2008
1636,2009
23897,2010
25536,2011
27170,2012
25568,2013
16450,2014
26595,2015
6750,2016
5236,2017
1062,2018
5488,2019
20603,2020
13057,2021
21869,2022
3329,2023
6988,2024
6557,2025
7068,2026
11647,2027
27503,2028
16412,2029
5140,2030
25689,2031
12527,2032
15010,2033
19978,2034
444,2035
26107,2036
19398,2037
20414,2038
14402,2039
24947,2040
16619,2041
6824,2042
6621,2043
9257,2044
6192,2045
3253,2046
6306,2047
19194,2048
25626,2049
7476,2050
9163,2051
13796,2052
17371,2053
23173,2054
22447,2055
27464,2056
4227,2057
12257,2058
17626,2059
19891,2060
12614,2061
25638,2062
16083,2063
22439,2064
22897,2065
6615,2066
9258,2067
4938,2068
13353,2069
10326,2070
21058,2071
13191,2072
11869,2073
7008,2074
21562,2075
26626,2076
4566,2077
14488,2078
16218,2079
23209,2080
18442,2081
2522,2082
16790,2083
21991,2084
27240,2085
133,2086
1705,2087
16273,2088
918,2089
1739,2090
3778,2091
17305,2092
10203,2093
985,2094
11356,2095
9671,2096
4331,2097
2066,2098
19681,2099
4649,2100
9212,2101
2301,2102
14815,2103
9494,2104
12917,2105
11536,2106
26027,2107
27072,2108
26605,2109
6811,2110
3620,2111
21383,2112
4723,2113
9789,2114
2923,2115
20145,2116
9901,2117
24043,2118
6328,2119
7835,2120
17720,2121
19960,2122
3847,2123
21347,2124
22933,2125
5287,2126
7146,2127
3734,2128
15950,2129
25252,2130
23856,2131
3113,2132
6128,2133
3682,2134
27583,2135
24844,2136
18519,2137
27049,2138
13693,2139
10485,2140
23225,2141
11658,2142
25789,2143
22662,2144
15803,2145
20050,2146
17740,2147
12160,2148
7860,2149
19379,2150
26040,2151
6959,2152
10561,2153
545,2154
3629,2155
20726,2156
4630,2157
10562,2158
7916,2159
19383,2160
280,2161
19660,2162
14894,2163
16008,2164
15374,2165
8334,2166
9324,2167
9945,2168
2095,2169
22313,2170
5955,2171
18778,2172
14303,2173
12641,2174
14636,2175
8815,2176
6121,2177
25935,2178
4703,2179
1686,2180
7381,2181
11359,2182
12566,2183
19602,2184
253,2185
4299,2186
3669,2187
26361,2188
18334,2189
3958,2190
3622,2191
12656,2192
21786,2193
16617,2194
16547,2195
1589,2196
1821,2197
11333,2198
21962,2199
14584,2200
3535,2201
16772,2202
20781,2203
21539,2204
24942,2205
24541,2206
21020,2207
19072,2208
23233,2209
7950,2210
14448,2211
25494,2212
8570,2213
18985,2214
7503,2215
7172,2216
14843,2217
19274,2218
5501,2219
2221,2220
23116,2221
712,2222
8955,2223
10700,2224
9373,2225
27467,2226
8620,2227
22662,2228
27021,2229
2801,2230
23149,2231
20280,2232
5514,2233
9208,2234
20706,2235
3277,2236
889,2237
12414,2238
21109,2239
19270,2240
23297,2241
10860,2242
8550,2243
26965,2244
18996,2245
10648,2246
26883,2247
14615,2248
11111,2249
18035,2250
4822,2251
25566,2252
1507,2253
8440,2254
26110,2255
26095,2256
6337,2257
26105,2258
26159,2259
26227,2260
9945,2261
24306,2262
18469,2263
2329,2264
11396,2265
24589,2266
6820,2267
2008,2268
8962,2269
12293,2270
7753,2271
394,2272
27185,2273
4578,2274
3894,2275
14591,2276
26453,2277
5707,2278
8308,2279
27394,2280
25463,2281
21882,2282
19442,2283
9234,2284
10469,2285
26185,2286
14513,2287
5944,2288
10181,2289
21887,2290
15351,2291
19357,2292
22995,2293
9764,2294
25945,2295
26612,2296
18867,2297
1020,2298
8473,2299
15767,2300
27331,2301
8586,2302
5392,2303
656,2304
5485,2305
2260,2306
1560,2307
4977,2308
6485,2309
16194,2310
15283,2311
2249,2312
25914,2313
5185,2314
12950,2315
14818,2316
16871,2317
22614,2318
6521,2319
10357,2320
14032,2321
465,2322
2228,2323
1774,2324
11037,2325
22580,2326
19696,2327
19679,2328
522,2329
17324,2330
24324,2331
27285,2332
20825,2333
13070,2334
8496,2335
23296,2336
20706,2337
18511,2338
6078,2339
600,2340
20273,2341
23266,2342
3607,2343
16149,2344
21280,2345
1311,2346
19977,2347
16663,2348
17965,2349
4581,2350
7631,2351
8602,2352
27188,2353
10594,2354
18077,2355
16599,2356
17895,2357
27034,2358
19569,2359
18485,2360
2624,2361
27070,2362
25950,2363
7823,2364
23176,2365
11799,2366
10381,2367
16950,2368
14960,2369
6746,2370
23824,2371
2329,2372
13615,2373
16232,2374
11809,2375
5082,2376
10473,2377
20864,2378
349,2379
6492,2380
1991,2381
9228,2382
14865,2383
15883,2384
19212,2385
7646,2386
3991,2387
13413,2388
2708,2389
293,2390
20896,2391
9993,2392
558,2393
16631,2394
24025,2395
11367,2396
3775,2397
2393,2398
11159,2399
2000,2400
21683,2401
25939,2402
12757,2403
1090,2404
12139,2405
10712,2406
24861,2407
10330,2408
22180,2409
4680,2410
6063,2411
21570,2412
26949,2413
19612,2414
14299,2415
14620,2416
10005,2417
9934,2418
434,2419
24139,2420
24713,2421
23568,2422
14614,2423
169,2424
11501,2425
3373,2426
2415,2427
25525,2428
19440,2429
10462,2430
4841,2431
9232,2432
22832,2433
25046,2434
5945,2435
4284,2436
17596,2437
18150,2438
11674,2439
14584,2440
22455,2441
6226,2442
21533,2443
12972,2444
462,2445
26324,2446
13346,2447
21707,2448
27793,2449
11740,2450
10084,2451
12194,2452
17892,2453
18744,2454
14334,2455
6518,2456
19390,2457
12974,2458
26059,2459
24016,2460
11651,2461
1764,2462
1200,2463
25447,2464
7674,2465
23668,2466
19592,2467
13548,2468
22337,2469
22265,2470
25164,2471
7468,2472
23906,2473
19463,2474
5438,2475
26677,2476
22702,2477
12629,2478
24388,2479
23699,2480
18463,2481
14512,2482
6660,2483
6663,2484
17467,2485
20276,2486
6952,2487
1955,2488
18070,2489
8092,2490
22138,2491
26111,2492
26,2493
23759,2494
26772,2495
1633,2496
10718,2497
21592,2498
23633,2499
9470,2500
2933,2501
18076,2502
3402,2503
2407,2504
7189,2505
8311,2506
22935,2507
2332,2508
13324,2509
2182,2510
27542,2511
2361,2512
12096,2513
9406,2514
6308,2515
20969,2516
4062,2517
9142,2518
21430,2519
4658,2520
5785,2521
18628,2522
13082,2523
23996,2524
4686,2525
20445,2526
21589,2527
7118,2528
17575,2529
26520,2530
2689,2531
26669,2532
4158,2533
2259,2534
22609,2535
4825,2536
16299,2537
26485,2538
23348,2539
23851,2540
12683,2541
2462,2542
23801,2543
22787,2544
18401,2545
22388,2546
6912,2547
6308,2548
5067,2549
3998,2550
9884,2551
8036,2552
14419,2553
870,2554
22861,2555
501,2556
3380,2557
15622,2558
20922,2559
1399,2560
16791,2561
5328,2562
23988,2563
13377,2564
7486,2565
26075,2566
985,2567
15107,2568
10547,2569
10598,2570
14091,2571
20861,2572
17309,2573
10775,2574
11715,2575
22596,2576
12510,2577
27261,2578
17777,2579
6665,2580
8317,2581
20257,2582
13691,2583
1072,2584
6667,2585
9465,2586
18035,2587
9398,2588
6782,2589
25048,2590
10308,2591
2192,2592
3028,2593
9108,2594
6358,2595
3849,2596
1175,2597
4986,2598
21219,2599
10701,2600
1554,2601
25129,2602
19093,2603
5401,2604
16972,2605
27203,2606
26621,2607
25180,2608
11148,2609
4668,2610
12835,2611
14930,2612
21750,2613
8315,2614
2869,2615
23414,2616
2598,2617
14863,2618
22587,2619
12394,2620
1715,2621
3352,2622
9968,2623
10193,2624
14997,2625
27107,2626
24493,2627
19648,2628
1688,2629
7933,2630
20416,2631
18598,2632
2556,2633
13818,2634
16371,2635
9715,2636
10894,2637
18902,2638
20000,2639
26222,2640
16717,2641
8053,2642
2041,2643
2794,2644
985,2645
21171,2646
472,2647
4976,2648
18531,2649
5763,2650
17265,2651
1133,2652
12541,2653
20347,2654
27152,2655
24201,2656
13508,2657
14454,2658
8433,2659
5706,2660
26462,2661
25249,2662
15289,2663
112,2664
12461,2665
2919,2666
21587,2667
3183,2668
3103,2669
2566,2670
23843,2671
26205,2672
23957,2673
14120,2674
26290,2675
13207,2676
6302,2677
27525,2678
19291,2679
1775,2680
12865,2681
15107,2682
12705,2683
14928,2684
2678,2685
27203,2686
15438,2687
7583,2688
16725,2689
10248,2690
6126,2691
23572,2692
18010,2693
21579,2694
624,2695
20676,2696
6867,2697
5539,2698
11711,2699
10854,2700
4744,2701
22620,2702
16099,2703
14248,2704
5738,2705
2694,2706
20265,2707
9537,2708
5095,2709
9890,2710
5514,2711
21627,2712
5688,2713
13985,2714
18287,2715
26418,2716
5506,2717
18860,2718
7813,2719
717,2720
19927,2721
12355,2722
8031,2723
6732,2724
25229,2725
23566,2726
21541,2727
9503,2728
19435,2729
16334,2730
22486,2731
16475,2732
15531,2733
25149,2734
15528,2735
14520,2736
17035,2737
15728,2738
15900,2739
9739,2740
14946,2741
14034,2742
11773,2743
23628,2744
10709,2745
7135,2746
17941,2747
1003,2748
11979,2749
8745,2750
6451,2751
17947,2752
5635,2753
25985,2754
1131,2755
23377,2756
2380,2757
19837,2758
2450,2759
26700,2760
7780,2761
13174,2762
2572,2763
11505,2764
12152,2765
16826,2766
16664,2767
561,2768
27796,2769
814,2770
19128,2771
5030,2772
3401,2773
10744,2774
15678,2775
8012,2776
1932,2777
24175,2778
8516,2779
18852,2780
4214,2781
10443,2782
18482,2783
7092,2784
16302,2785
7999,2786
2089,2787
17814,2788
4297,2789
6978,2790
47,2791
9021,2792
4367,2793
21360,2794
8335,2795
23275,2796
27045,2797
8351,2798
15148,2799
11211,2800
13010,2801
23120,2802
4805,2803
24539,2804
17141,2805
14782,2806
23354,2807
1729,2808
26324,2809
6559,2810
17291,2811
14575,2812
23839,2813
26319,2814
15280,2815
10553,2816
11514,2817
12806,2818
13937,2819
3724,2820
27071,2821
14652,2822
18361,2823
23084,2824
24103,2825
17956,2826
16282,2827
11068,2828
11675,2829
20455,2830
12215,2831
23224,2832
21924,2833
11579,2834
2000,2835
12278,2836
12241,2837
16164,2838
13095,2839
23172,2840
17562,2841
7350,2842
15224,2843
24353,2844
24840,2845
15289,2846
9940,2847
27504,2848
10192,2849
11549,2850
17521,2851
14114,2852
22531,2853
26443,2854
25409,2855
25028,2856
6688,2857
9919,2858
20526,2859
19404,2860
12631,2861
13431,2862
26119,2863
25481,2864
3956,2865
12540,2866
19402,2867
16913,2868
25055,2869
1798,2870
25002,2871
26051,2872
6018,2873
8664,2874
3975,2875
22929,2876
11428,2877
6564,2878
2669,2879
22070,2880
17306,2881
24096,2882
25511,2883
2614,2884
3079,2885
18876,2886
4591,2887
16401,2888
16175,2889
7942,2890
25965,2891
4606,2892
20997,2893
18265,2894
27104,2895
16741,2896
3042,2897
5468,2898
5484,2899
27031,2900
16371,2901
11885,2902
7316,2903
17050,2904
2022,2905
24119,2906
26470,2907
17810,2908
16016,2909
25714,2910
16545,2911
21863,2912
13145,2913
7736,2914
4333,2915
1975,2916
14456,2917
7393,2918
13049,2919
12370,2920
2579,2921
7260,2922
20613,2923
1991,2924
23327,2925
24459,2926
18346,2927
10332,2928
25253,2929
3661,2930
10265,2931
7977,2932
590,2933
8625,2934
3376,2935
13603,2936
25106,2937
13603,2938
17584,2939
11385,2940
728,2941
27675,2942
1205,2943
1035,2944
5160,2945
3082,2946
25501,2947
11459,2948
4239,2949
15852,2950
24522,2951
16868,2952
15339,2953
3210,2954
10494,2955
21949,2956
3947,2957
13840,2958
12632,2959
17998,2960
24600,2961
22888,2962
20341,2963
1275,2964
15011,2965
2138,2966
11853,2967
8623,2968
1174,2969
27431,2970
23244,2971
25607,2972
16118,2973
3548,2974
21541,2975
20526,2976
3330,2977
8860,2978
6806,2979
2410,2980
3142,2981
25186,2982
1606,2983
4704,2984
6638,2985
13739,2986
5877,2987
8585,2988
9831,2989
1318,2990
15983,2991
12889,2992
7000,2993
1365,2994
23330,2995
8538,2996
12655,2997
16486,2998
20780,2999
25594,3000
287,3001
23792,3002
9402,3003
22406,3004
5359,3005
10930,3006
8445,3007
13789,3008
2487,3009
2680,3010
16585,3011
14185,3012
7416,3013
12419,3014
2770,3015
21842,3016
3158,3017
25451,3018
14455,3019
27765,3020
27780,3021
26983,3022
18232,3023
10721,3024
2180,3025
4739,3026
23642,3027
21365,3028
12292,3029
7050,3030
20715,3031
13784,3032
8710,3033
26807,3034
11625,3035
25692,3036
4671,3037
16557,3038
17024,3039
24367,3040
27204,3041
24377,3042
1005,3043
6790,3044
7224,3045
24444,3046
18259,3047
14571,3048
6715,3049
2213,3050
13678,3051
17215,3052
7585,3053
16128,3054
18359,3055
18865,3056
14709,3057
20942,3058
9597,3059
2582,3060
5166,3061
7294,3062
24868,3063
663,3064
13763,3065
13494,3066
13581,3067
56,3068
17023,3069
23953,3070
19059,3071
5518,3072
16790,3073
16042,3074
18815,3075
26333,3076
21970,3077
8501,3078
7596,3079
27111,3080
13083,3081
11941,3082
13452,3083
16273,3084
3366,3085
7694,3086
1167,3087
20189,3088
9803,3089
12245,3090
10915,3091
13453,3092
7699,3093
4425,3094
12753,3095
1019,3096
12212,3097
2313,3098
27118,3099
14486,3100
4017,3101
13392,3102
8280,3103
16079,3104
23118,3105
2683,3106
10345,3107
15945,3108
3545,3109
11081,3110
27452,3111
16882,3112
9957,3113
26659,3114
14567,3115
13309,3116
15993,3117
388,3118
4324,3119
19465,3120
17297,3121
2067,3122
24117,3123
14184,3124
9929,3125
16652,3126
19825,3127
16437,3128
25615,3129
9637,3130
12457,3131
23745,3132
23750,3133
39,3134
1374,3135
6192,3136
26103,3137
1767,3138
18349,3139
22941,3140
24592,3141
22305,3142
4989,3143
10390,3144
9670,3145
7577,3146
1878,3147
22543,3148
9301,3149
394,3150
25524,3151
13310,3152
20120,3153
1907,3154
497,3155
5039,3156
14313,3157
10550,3158
11619,3159
13934,3160
11389,3161
13179,3162
27783,3163
18182,3164
14147,3165
15619,3166
18132,3167
27074,3168
6401,3169
23147,3170
26522,3171
23650,3172
1011,3173
21896,3174
18661,3175
15829,3176
5452,3177
24921,3178
57,3179
983,3180
16666,3181
20423,3182
20012,3183
22686,3184
16563,3185
833,3186
7885,3187
7579,3188
25865,3189
20026,3190
15098,3191
22761,3192
3280,3193
5781,3194
24315,3195
13659,3196
342,3197
13618,3198
12940,3199
2834,3200
25046,3201
20314,3202
27409,3203
5446,3204
5353,3205
4297,3206
2046,3207
26030,3208
18050,3209
23240,3210
25062,3211
22564,3212
4289,3213
2293,3214
16296,3215
21137,3216
6074,3217
17536,3218
10065,3219
25044,3220
21450,3221
21980,3222
6691,3223
15712,3224
8529,3225
549,3226
9797,3227
20619,3228
3139,3229
3893,3230
7864,3231
9757,3232
4187,3233
15445,3234
13854,3235
121,3236
3228,3237
10740,3238
10740,3239
572,3240
10276,3241
10750,3242
14766,3243
14342,3244
19479,3245
24528,3246
16348,3247
8996,3248
9818,3249
20309,3250
14637,3251
9684,3252
9443,3253
13556,3254
1936,3255
19833,3256
23214,3257
15128,3258
24311,3259
20113,3260
10038,3261
27385,3262
10234,3263
6421,3264
15269,3265
8953,3266
5204,3267
12986,3268
13762,3269
1431,3270
23510,3271
21673,3272
3146,3273
5383,3274
16776,3275
154,3276
12227,3277
16392,3278
13989,3279
11137,3280
14761,3281
20809,3282
5373,3283
3882,3284
12912,3285
12932,3286
13030,3287
11632,3288
26740,3289
7323,3290
11803,3291
2385,3292
8825,3293
26572,3294
20601,3295
15652,3296
18056,3297
7208,3298
24851,3299
14533,3300
26749,3301
12745,3302
649,3303
12140,3304
4328,3305
15583,3306
21738,3307
17548,3308
25204,3309
7197,3310
20229,3311
26054,3312
8135,3313
7935,3314
20553,3315
10166,3316
4160,3317
11446,3318
13345,3319
13888,3320
11080,3321
12304,3322
4436,3323
12406,3324
311,3325
922,3326
19840,3327
7576,3328
23694,3329
1605,3330
1310,3331
22470,3332
10173,3333
15510,3334
4890,3335
16387,3336
26957,3337
258,3338
26032,3339
13869,3340
1424,3341
21074,3342
12127,3343
9710,3344
18844,3345
27692,3346
15818,3347
7204,3348
13034,3349
16093,3350
20110,3351
4758,3352
16976,3353
8714,3354
8027,3355
7727,3356
18012,3357
2471,3358
18814,3359
12061,3360
14468,3361
10188,3362
9919,3363
23867,3364
8099,3365
2687,3366
23414,3367
15705,3368
4186,3369
2516,3370
18008,3371
27344,3372
15954,3373
6514,3374
27647,3375
5359,3376
26794,3377
19747,3378
12016,3379
550,3380
19754,3381
15554,3382
17212,3383
688,3384
10249,3385
14166,3386
5658,3387
1334,3388
15762,3389
27120,3390
3766,3391
15668,3392
9545,3393
15009,3394
20982,3395
15484,3396
23066,3397
584,3398
19251,3399
736,3400
16544,3401
12284,3402
26781,3403
13655,3404
14066,3405
23104,3406
17205,3407
2263,3408
18214,3409
22417,3410
27565,3411
24744,3412
21517,3413
8792,3414
23975,3415
7230,3416
15317,3417
20864,3418
23850,3419
16818,3420
12528,3421
24116,3422
27694,3423
4581,3424
26438,3425
17656,3426
16344,3427
23237,3428
16662,3429
3604,3430
17441,3431
23096,3432
25745,3433
2730,3434
11143,3435
13123,3436
1235,3437
18130,3438
8031,3439
23805,3440
20106,3441
23133,3442
17764,3443
13316,3444
22646,3445
12786,3446
4064,3447
4625,3448
5409,3449
21587,3450
11048,3451
22686,3452
21722,3453
23704,3454
2813,3455
14491,3456
21623,3457
18315,3458
1691,3459
17397,3460
458,3461
27173,3462
3504,3463
3689,3464
4730,3465
1432,3466
5678,3467
18984,3468
17638,3469
27221,3470
25235,3471
114,3472
2630,3473
10488,3474
15693,3475
9427,3476
3872,3477
21615,3478
3772,3479
23755,3480
22181,3481
14822,3482
1120,3483
12661,3484
15283,3485
21473,3486
470,3487
20594,3488
4939,3489
1790,3490
25803,3491
1575,3492
22679,3493
772,3494
23503,3495
20681,3496
19045,3497
1662,3498
23583,3499
19450,3500
8388,3501
20462,3502
19817,3503
9107,3504
10885,3505
5446,3506
2012,3507
21975,3508
9803,3509
290,3510
19220,3511
6595,3512
24224,3513
16848,3514
5738,3515
9507,3516
5921,3517
8692,3518
1897,3519
1374,3520
21910,3521
13886,3522
12115,3523
25237,3524
22792,3525
1607,3526
13000,3527
20497,3528
9315,3529
19658,3530
22038,3531
18920,3532
6580,3533
5720,3534
26085,3535
23987,3536
25578,3537
16069,3538
4154,3539
27688,3540
20888,3541
24576,3542
9516,3543
7294,3544
20577,3545
25158,3546
24947,3547
20196,3548
25097,3549
9589,3550
17391,3551
9343,3552
3990,3553
22297,3554
14320,3555
8538,3556
26717,3557
22514,3558
22248,3559
8468,3560
25550,3561
19811,3562
13573,3563
10522,3564
17420,3565
27695,3566
20150,3567
1354,3568
25286,3569
27012,3570
7828,3571
7973,3572
26980,3573
10664,3574
302,3575
10915,3576
16559,3577
16642,3578
9066,3579
25840,3580
24537,3581
14364,3582
17805,3583
26279,3584
15043,3585
6894,3586
6224,3587
18988,3588
15320,3589
24890,3590
3431,3591
23990,3592
23522,3593
13645,3594
17537,3595
11228,3596
20540,3597
7077,3598
7828,3599
4081,3600
66,3601
23771,3602
14506,3603
20520,3604
24432,3605
7927,3606
27404,3607
9388,3608
22156,3609
8328,3610
22182,3611
6368,3612
7139,3613
2567,3614
12016,3615
20060,3616
4264,3617
1354,3618
12222,3619
26774,3620
22303,3621
26369,3622
21961,3623
11401,3624
1752,3625
26715,3626
18532,3627
20494,3628
7057,3629
3763,3630
8261,3631
25272,3632
27622,3633
23881,3634
22443,3635
27605,3636
20138,3637
25921,3638
4024,3639
995,3640
11754,3641
13857,3642
23315,3643
27776,3644
25808,3645
1239,3646
20127,3647
8453,3648
10950,3649
2708,3650
22273,3651
690,3652
16601,3653
815,3654
2007,3655
3682,3656
6433,3657
16846,3658
15202,3659
13665,3660
23592,3661
14304,3662
16693,3663
13815,3664
22747,3665
3848,3666
14645,3667
9408,3668
14729,3669
7359,3670
11966,3671
24613,3672
2043,3673
6902,3674
16011,3675
2650,3676
22401,3677
10966,3678
25809,3679
18622,3680
14747,3681
26872,3682
25065,3683
11027,3684
14175,3685
7712,3686
7300,3687
7238,3688
4258,3689
21767,3690
20374,3691
25744,3692
794,3693
26573,3694
1999,3695
18108,3696
22041,3697
27666,3698
9405,3699
857,3700
20521,3701
2696,3702
15896,3703
6259,3704
25648,3705
2773,3706
10245,3707
13770,3708
7303,3709
22308,3710
19016,3711
25790,3712
15289,3713
4290,3714
20306,3715
5739,3716
2114,3717
22640,3718
577,3719
4866,3720
12466,3721
7841,3722
12529,3723
19667,3724
5898,3725
25764,3726
22386,3727
3067,3728
2871,3729
20815,3730
6565,3731
24210,3732
2996,3733
17975,3734
1635,3735
1884,3736
497,3737
7929,3738
19081,3739
5115,3740
23498,3741
11378,3742
17843,3743
10071,3744
7574,3745
16211,3746
10176,3747
10653,3748
8722,3749
24953,3750
27055,3751
21266,3752
13390,3753
3795,3754
5457,3755
11784,3756
1732,3757
7342,3758
14380,3759
7756,3760
15154,3761
23909,3762
24148,3763
768,3764
23880,3765
8666,3766
10183,3767
2208,3768
23215,3769
4264,3770
6670,3771
8141,3772
6370,3773
25780,3774
13919,3775
20257,3776
19893,3777
9586,3778
25531,3779
2957,3780
13721,3781
8999,3782
15588,3783
887,3784
14978,3785
18959,3786
13634,3787
9646,3788
1959,3789
24758,3790
5849,3791
4105,3792
14216,3793
8396,3794
2904,3795
3228,3796
1884,3797
19487,3798
11863,3799
22580,3800
2138,3801
23747,3802
10038,3803
13535,3804
11942,3805
27250,3806
8173,3807
22105,3808
19692,3809
19444,3810
20025,3811
14084,3812
4427,3813
2283,3814
3851,3815
26372,3816
7052,3817
24070,3818
24548,3819
12360,3820
10820,3821
21659,3822
2311,3823
12832,3824
6482,3825
5083,3826
23692,3827
14466,3828
8717,3829
25302,3830
9857,3831
5137,3832
20229,3833
7578,3834
17571,3835
16748,3836
7154,3837
19312,3838
25734,3839
3833,3840
21015,3841
8920,3842
21445,3843
17110,3844
11085,3845
7167,3846
9009,3847
15660,3848
7929,3849
22443,3850
5793,3851
17893,3852
25443,3853
4726,3854
19217,3855
3863,3856
7462,3857
17163,3858
3475,3859
26953,3860
15921,3861
1424,3862
11668,3863
5979,3864
9797,3865
5958,3866
21286,3867
14877,3868
783,3869
15043,3870
26572,3871
5148,3872
4270,3873
22108,3874
11928,3875
15732,3876
10112,3877
5134,3878
16555,3879
9952,3880
6777,3881
16867,3882
2519,3883
9524,3884
17298,3885
1015,3886
9969,3887
26164,3888
6699,3889
23602,3890
10021,3891
10083,3892
10146,3893
872,3894
7529,3895
13,3896
18095,3897
23341,3898
20444,3899
10487,3900
14461,3901
11793,3902
17728,3903
14193,3904
9771,3905
10194,3906
9784,3907
1179,3908
1139,3909
23613,3910
3904,3911
23742,3912
24135,3913
11265,3914
19398,3915
4852,3916
4017,3917
22248,3918
23328,3919
10840,3920
23082,3921
17297,3922
27420,3923
23493,3924
4144,3925
16127,3926
11387,3927
26418,3928
7160,3929
9658,3930
4306,3931
22398,3932
5048,3933
663,3934
5651,3935
10484,3936
15787,3937
26012,3938
19227,3939
27290,3940
7576,3941
15120,3942
26560,3943
13014,3944
12561,3945
19300,3946
20755,3947
543,3948
16946,3949
8253,3950
6307,3951
26089,3952
273,3953
22372,3954
6620,3955
3656,3956
26915,3957
14674,3958
25402,3959
7387,3960
22095,3961
25338,3962
25257,3963
19997,3964
16391,3965
10737,3966
11112,3967
14783,3968
18192,3969
8473,3970
14875,3971
14489,3972
722,3973
21397,3974
5354,3975
17238,3976
14479,3977
24323,3978
21077,3979
7438,3980
20038,3981
27604,3982
3289,3983
10790,3984
14952,3985
7200,3986
6331,3987
2321,3988
9576,3989
9311,3990
11416,3991
18724,3992
4814,3993
23992,3994
832,3995
3531,3996
4376,3997
21239,3998
7646,3999
6911,4000
5829,4001
18827,4002
16608,4003
5606,4004
25456,4005
10849,4006
21157,4007
2442,4008
21110,4009
1883,4010
15632,4011
9197,4012
2525,4013
12517,4014
625,4015
15552,4016
19319,4017
26831,4018
7208,4019
14818,4020
11852,4021
24173,4022
8391,4023
11265,4024
4026,4025
3522,4026
23183,4027
7938,4028
2588,4029
19672,4030
5968,4031
17334,4032
26253,4033
11188,4034
4555,4035
11558,4036
27022,4037
977,4038
4801,4039
17103,4040
5194,4041
4803,4042
1459,4043
11310,4044
22940,4045
1197,4046
630,4047
5821,4048
7623,4049
10887,4050
11043,4051
9954,4052
10632,4053
12102,4054
6552,4055
11958,4056
2888,4057
25163,4058
8172,4059
2399,4060
16879,4061
11292,4062
6324,4063
3261,4064
8171,4065
27090,4066
7858,4067
3013,4068
18439,4069
20931,4070
17884,4071
21324,4072
16278,4073
4951,4074
5309,4075
13652,4076
9829,4077
25670,4078
19110,4079
5602,4080
22822,4081
3310,4082
7886,4083
22477,4084
1330,4085
1422,4086
23116,4087
26022,4088
3863,4089
17015,4090
18748,4091
19303,4092
10291,4093
7732,4094
13394,4095
9747,4096
