5016,1
1599,2
10546,3
474,4
22255,5
27431,6
13957,7
5808,8
13842,9
10959,10
15104,11
20749,12
14847,13
26486,14
12363,15
16313,16
14765,17
21715,18
1172,19
22861,20
987,21
5308,22
17473,23
20862,24
11292,25
10717,26
26808,27
15390,28
2873,29
11703,30
24953,31
16790,32
7900,33
24619,34
14670,35
17656,36
16294,37
8319,38
7906,39
4252,40
3404,41
5605,42
10701,43
13708,44
171,45
6997,46
24412,47
24284,48
4618,49
12279,50
24664,51
17888,52
23103,53
19415,54
20158,55
18920,56
22645,57
20314,58
7445,59
15307,60
18287,61
27005,62
9666,63
17043,64
21035,65
23770,66
26502,67
20213,68
23245,69
13294,70
19731,71
16522,72
14483,73
24868,74
12615,75
1656,76
8161,77
25296,78
19788,79
24582,80
23176,81
7479,82
15212,83
16757,84
16321,85
15134,86
15287,87
2355,88
11920,89
24344,90
19660,91
9044,92
12425,93
26362,94
14382,95
22635,96
5770,97
6680,98
27432,99
15324,100
9332,101
17359,102
2304,103
11383,104
24697,105
24004,106
22573,107
2211,108
21937,109
11383,110
9112,111
7652,112
15102,113
5020,114
10966,115
6278,116
15557,117
18608,118
1993,119
20517,120
18540,121
22770,122
19967,123
7470,124
23158,125
16542,126
7583,127
14485,128
18611,129
1953,130
8569,131
1226,132
970,133
4151,134
14737,135
5675,136
26151,137
21155,138
6658,139
18710,140
16,141
12928,142
21515,143
7758,144
24410,145
26151,146
2518,147
18365,148
14543,149
20698,150
13164,151
18506,152
14585,153
1925,154
22280,155
23856,156
15383,157
26792,158
26300,159
22287,160
19750,161
17379,162
17803,163
593,164
15830,165
25824,166
16586,167
18612,168
23396,169
8627,170
20567,171
26657,172
24605,173
13581,174
4857,175
10357,176
20375,177
7831,178
25140,179
13965,180
25482,181
26427,182
10437,183
3494,184
3550,185
2213,186
18105,187
22095,188
18884,189
139,190
10281,191
21457,192
22229,193
5092,194
19172,195
17435,196
837,197
19612,198
2671,199
5224,200
10540,201
10166,202
8154,203
22737,204
11945,205
8486,206
10936,207
5458,208
8459,209
7720,210
7727,211
24166,212
6633,213
155,214
8595,215
23355,216
14834,217
25921,218
14903,219
10898,220
22889,221
25317,222
4585,223
3867,224
25596,225
521,226
9431,227
958,228
27388,229
20647,230
5816,231
19205,232
10923,233
6144,234
24016,235
25168,236
13536,237
3333,238
26189,239
20126,240
9162,241
26831,242
17974,243
20218,244
19284,245
12353,246
12266,247
13215,248
21760,249
7590,250
25808,251
5914,252
16615,253
19520,254
7659,255
27737,256
12136,257
18037,258
2554,259
11017,260
20810,261
20234,262
23126,263
21229,264
12512,265
4729,266
18131,267
25396,268
23797,269
20357,270
3974,271
18909,272
16007,273
5978,274
13994,275
12942,276
2401,277
4033,278
15196,279
10433,280
5576,281
13789,282
10667,283
26609,284
8955,285
2038,286
21001,287
24204,288
5655,289
9161,290
21175,291
1232,292
25089,293
25727,294
4828,295
84,296
21481,297
8789,298
16732,299
2349,300
17141,301
68,302
15035,303
5853,304
16102,305
23805,306
19979,307
20063,308
26929,309
3037,310
6459,311
15056,312
26415,313
4951,314
18686,315
16674,316
27308,317
13365,318
22359,319
143,320
26003,321
22366,322
11571,323
26150,324
1849,325
16137,326
16898,327
17344,328
11510,329
17542,330
4269,331
27061,332
19787,333
15798,334
15627,335
22250,336
17646,337
1274,338
2947,339
12690,340
923,341
13598,342
11441,343
24058,344
23133,345
21236,346
4350,347
21645,348
12140,349
13451,350
1492,351
25488,352
22728,353
8355,354
15845,355
10460,356
25559,357
15904,358
21354,359
8732,360
19072,361
7364,362
6960,363
12775,364
21709,365
22492,366
11887,367
12306,368
965,369
24820,370
6697,371
7776,372
21167,373
24078,374
732,375
16925,376
9397,377
13881,378
11771,379
11987,380
24360,381
9351,382
2886,383
5048,384
10340,385
21575,386
17394,387
25667,388
12999,389
8792,390
24980,391
9531,392
23221,393
2957,394
16464,395
305,396
6743,397
1746,398
8696,399
1626,400
15544,401
9130,402
14647,403
691,404
8794,405
21664,406
618,407
3796,408
26460,409
17164,410
4518,411
19007,412
14756,413
22999,414
8582,415
13407,416
15868,417
11585,418
15769,419
17601,420
15791,421
25573,422
12558,423
25462,424
26972,425
16442,426
3917,427
5457,428
17462,429
2559,430
21117,431
4592,432
5929,433
6396,434
14276,435
15980,436
19193,437
14001,438
15883,439
24948,440
19473,441
21464,442
8251,443
27457,444
17466,445
10312,446
22597,447
25034,448
5579,449
10670,450
25077,451
13574,452
19378,453
16211,454
26069,455
21744,456
6604,457
21210,458
24341,459
12427,460
4550,461
22212,462
9356,463
22105,464
6080,465
22023,466
12898,467
26029,468
2759,469
2182,470
15172,471
18203,472
26616,473
20096,474
10066,475
14119,476
16735,477
9697,478
23272,479
12828,480
13272,481
22536,482
23716,483
2823,484
27010,485
7054,486
607,487
2517,488
6946,489
16143,490
22138,491
1967,492
16801,493
5316,494
15322,495
18481,496
6990,497
4120,498
4780,499
15724,500
17479,501
16289,502
6723,503
26955,504
13701,505
7493,506
3814,507
21148,508
15260,509
19449,510
5982,511
25803,512
25290,513
1368,514
22289,515
18542,516
11653,517
14735,518
24324,519
13806,520
21164,521
13366,522
5013,523
14295,524
8785,525
16647,526
273,527
16519,528
25900,529
6777,530
821,531
26248,532
3579,533
18858,534
9829,535
25869,536
21593,537
12147,538
14563,539
13924,540
26070,541
21131,542
4999,543
23480,544
11496,545
4689,546
27246,547
4416,548
13884,549
22621,550
21403,551
14398,552
16529,553
5144,554
2401,555
24323,556
16944,557
3847,558
23083,559
4871,560
15632,561
26626,562
9568,563
11192,564
10019,565
9943,566
5445,567
3781,568
14715,569
25272,570
18798,571
23903,572
15751,573
9906,574
11073,575
23083,576
18821,577
19485,578
11469,579
21785,580
24284,581
19842,582
25911,583
3931,584
22752,585
21157,586
3039,587
18480,588
8965,589
11971,590
8372,591
19213,592
3322,593
13183,594
25193,595
5482,596
10851,597
95,598
4968,599
25745,600
14566,601
19841,602
10593,603
20377,604
21448,605
4016,606
7201,607
3447,608
21509,609
17739,610
3050,611
18857,612
11810,613
19450,614
17704,615
18904,616
4821,617
25876,618
10714,619
22863,620
18170,621
15696,622
22092,623
7911,624
13653,625
25178,626
22410,627
23195,628
6581,629
18100,630
14749,631
23975,632
17743,633
4375,634
19122,635
11615,636
24575,637
5593,638
11336,639
10507,640
762,641
18914,642
14165,643
23967,644
14743,645
123,646
15539,647
24408,648
20847,649
17545,650
23545,651
27134,652
6793,653
8747,654
25760,655
10503,656
26846,657
4550,658
13963,659
17945,660
21267,661
14447,662
7550,663
12824,664
4331,665
275,666
21908,667
13939,668
26111,669
24042,670
14829,671
19494,672
3526,673
20351,674
4718,675
12113,676
16125,677
21652,678
10303,679
7460,680
25383,681
22885,682
20215,683
26572,684
14266,685
16842,686
26911,687
9469,688
27026,689
2288,690
3836,691
17050,692
23145,693
22002,694
12184,695
4848,696
8858,697
26093,698
4042,699
27745,700
17628,701
22956,702
11243,703
26522,704
13590,705
18048,706
19769,707
890,708
20796,709
13706,710
16416,711
21670,712
13378,713
15332,714
8765,715
15482,716
6601,717
6379,718
14072,719
11391,720
1918,721
21941,722
3035,723
12396,724
19047,725
17761,726
15459,727
17246,728
3557,729
5350,730
24357,731
20477,732
14881,733
13007,734
4303,735
8105,736
24280,737
6577,738
241,739
14351,740
356,741
16447,742
18958,743
16414,744
4225,745
7065,746
26734,747
15349,748
10769,749
22510,750
9898,751
23846,752
5117,753
9111,754
24507,755
25097,756
16734,757
14011,758
10106,759
1825,760
11030,761
14965,762
10500,763
27780,764
14928,765
12765,766
22811,767
26651,768
6879,769
13757,770
17670,771
26008,772
11906,773
11006,774
11175,775
6627,776
4979,777
8949,778
9215,779
26533,780
5792,781
505,782
20041,783
11442,784
2851,785
14728,786
1594,787
10263,788
21995,789
17404,790
21852,791
4370,792
1417,793
12330,794
5840,795
11343,796
15822,797
16467,798
3468,799
9234,800
25023,801
3255,802
15393,803
20011,804
17885,805
7163,806
11121,807
27106,808
8310,809
25244,810
25339,811
14720,812
15413,813
1148,814
16777,815
25647,816
5768,817
3807,818
19308,819
18971,820
14885,821
22798,822
4411,823
25099,824
18957,825
14229,826
6245,827
1760,828
15441,829
24343,830
14332,831
6022,832
22388,833
6583,834
1594,835
3667,836
18713,837
26759,838
1836,839
10342,840
25232,841
27455,842
21209,843
15544,844
13088,845
8196,846
13001,847
7888,848
13015,849
4819,850
24245,851
5721,852
16333,853
14042,854
19497,855
25098,856
9646,857
4649,858
26262,859
25892,860
17270,861
24293,862
12518,863
10759,864
6601,865
11788,866
26843,867
26910,868
25558,869
10634,870
17509,871
4974,872
13547,873
18547,874
14675,875
23718,876
759,877
10847,878
4146,879
16698,880
18903,881
15769,882
14141,883
4310,884
22675,885
27326,886
6685,887
23126,888
17312,889
16380,890
5399,891
13374,892
15333,893
8313,894
25944,895
10653,896
17665,897
25941,898
1759,899
14076,900
12247,901
10584,902
14142,903
11915,904
7889,905
20707,906
19006,907
340,908
11163,909
9739,910
466,911
16921,912
26500,913
636,914
11949,915
4795,916
2748,917
26844,918
5126,919
4727,920
25174,921
24921,922
27242,923
15941,924
13879,925
23679,926
8348,927
15395,928
19904,929
5536,930
22122,931
19729,932
13152,933
26785,934
25224,935
22070,936
6460,937
14430,938
1313,939
26177,940
5866,941
2096,942
10661,943
9532,944
12583,945
3990,946
19045,947
4248,948
13159,949
9852,950
20741,951
5138,952
26795,953
16178,954
17192,955
16615,956
26214,957
8637,958
7138,959
9727,960
23325,961
16292,962
5800,963
18729,964
5594,965
19012,966
18494,967
5390,968
3755,969
23594,970
14767,971
17006,972
2701,973
1637,974
4656,975
1577,976
10752,977
22311,978
3200,979
8844,980
14643,981
7454,982
11578,983
4495,984
20569,985
5495,986
3290,987
23903,988
24875,989
24333,990
4504,991
24178,992
17272,993
10629,994
3959,995
9119,996
21626,997
8219,998
9905,999
18106,1000
2429,1001
12849,1002
4090,1003
2030,1004
15507,1005
9814,1006
22345,1007
10876,1008
6862,1009
21285,1010
4731,1011
15100,1012
1233,1013
8929,1014
19162,1015
24641,1016
11161,1017
8034,1018
22500,1019
6109,1020
9972,1021
20979,1022
15747,1023
18109,1024
22269,1025
1367,1026
18724,1027
10740,1028
16534,1029
18241,1030
17709,1031
11049,1032
4302,1033
14395,1034
7287,1035
19954,1036
833,1037
21816,1038
11241,1039
22056,1040
8238,1041
15665,1042
27145,1043
25865,1044
25162,1045
4221,1046
923,1047
10432,1048
17896,1049
16099,1050
6151,1051
27245,1052
1076,1053
269,1054
27722,1055
19964,1056
9776,1057
19941,1058
22435,1059
15187,1060
22335,1061
24446,1062
23488,1063
6391,1064
8332,1065
11464,1066
2847,1067
22022,1068
6221,1069
11714,1070
4742,1071
5150,1072
8621,1073
17052,1074
18159,1075
17657,1076
6268,1077
5584,1078
3254,1079
23867,1080
6686,1081
11217,1082
5993,1083
603,1084
8240,1085
17902,1086
27646,1087
24223,1088
23542,1089
25948,1090
11648,1091
26133,1092
2368,1093
20559,1094
23559,1095
3292,1096
15522,1097
23396,1098
14150,1099
4444,1100
19583,1101
7980,1102
1485,1103
24572,1104
15669,1105
16436,1106
24511,1107
26171,1108
21049,1109
20562,1110
7838,1111
266,1112
23547,1113
10985,1114
10121,1115
5400,1116
9978,1117
26222,1118
11054,1119
6523,1120
2044,1121
18290,1122
12493,1123
23185,1124
18701,1125
9025,1126
3910,1127
1707,1128
12985,1129
3025,1130
26187,1131
8753,1132
20173,1133
9116,1134
18486,1135
21365,1136
2007,1137
1493,1138
20040,1139
16289,1140
14746,1141
4119,1142
7391,1143
11913,1144
1391,1145
11631,1146
16098,1147
26454,1148
21616,1149
1873,1150
24516,1151
1349,1152
24967,1153
14236,1154
9554,1155
16113,1156
17200,1157
26125,1158
5505,1159
5351,1160
20566,1161
19066,1162
20453,1163
17882,1164
8695,1165
17460,1166
12204,1167
19489,1168
2240,1169
8639,1170
18787,1171
9301,1172
20891,1173
12356,1174
4919,1175
10334,1176
18681,1177
20961,1178
27617,1179
6671,1180
3747,1181
24789,1182
20656,1183
19839,1184
10513,1185
7636,1186
20730,1187
22608,1188
8844,1189
7208,1190
1903,1191
3802,1192
5387,1193
576,1194
16793,1195
26034,1196
16567,1197
24337,1198
1196,1199
5396,1200
22293,1201
15204,1202
404,1203
22432,1204
26314,1205
1705,1206
19944,1207
20422,1208
8896,1209
14822,1210
2502,1211
17706,1212
104,1213
2660,1214
25996,1215
2341,1216
3592,1217
17496,1218
12221,1219
25191,1220
7729,1221
20359,1222
6267,1223
17170,1224
25795,1225
16665,1226
10968,1227
4277,1228
10909,1229
2153,1230
1083,1231
9193,1232
11300,1233
5382,1234
9344,1235
15320,1236
9955,1237
24364,1238
18251,1239
7845,1240
5282,1241
11754,1242
2296,1243
20498,1244
4304,1245
14081,1246
9879,1247
377,1248
26063,1249
4478,1250
15096,1251
18490,1252
3832,1253
6499,1254
18501,1255
8687,1256
20777,1257
7043,1258
2606,1259
12122,1260
1120,1261
14670,1262
22078,1263
25919,1264
7291,1265
15345,1266
10757,1267
10279,1268
16420,1269
13579,1270
15430,1271
3656,1272
3253,1273
15561,1274
15140,1275
22024,1276
394,1277
19111,1278
10606,1279
4078,1280
17351,1281
16804,1282
26375,1283
7849,1284
26147,1285
26953,1286
7134,1287
26697,1288
23420,1289
20031,1290
2283,1291
10183,1292
13380,1293
559,1294
17855,1295
27199,1296
11764,1297
18450,1298
3586,1299
24883,1300
14044,1301
20792,1302
20529,1303
13405,1304
24402,1305
20435,1306
8039,1307
16565,1308
10345,1309
21690,1310
18258,1311
26824,1312
4458,1313
9434,1314
470,1315
14900,1316
18124,1317
17462,1318
9386,1319
19926,1320
19849,1321
12621,1322
17756,1323
13466,1324
16497,1325
8802,1326
8204,1327
7645,1328
10242,1329
12063,1330
1585,1331
11486,1332
10169,1333
14826,1334
14468,1335
16627,1336
20611,1337
23050,1338
13898,1339
17347,1340
9464,1341
16544,1342
3513,1343
2190,1344
866,1345
3866,1346
14421,1347
6660,1348
25933,1349
21841,1350
15732,1351
21182,1352
9747,1353
18971,1354
19344,1355
1351,1356
21529,1357
23953,1358
14000,1359
10415,1360
27583,1361
88,1362
21292,1363
26153,1364
6520,1365
21709,1366
18819,1367
1081,1368
7575,1369
13780,1370
3049,1371
11701,1372
15596,1373
26476,1374
9018,1375
21523,1376
23622,1377
4641,1378
22996,1379
26230,1380
4394,1381
15507,1382
454,1383
4329,1384
18226,1385
19981,1386
23482,1387
1362,1388
21534,1389
20796,1390
26922,1391
20680,1392
23417,1393
10272,1394
21339,1395
15251,1396
17160,1397
21186,1398
4707,1399
3946,1400
10626,1401
2697,1402
11991,1403
6607,1404
18443,1405
7564,1406
25265,1407
22344,1408
6140,1409
6210,1410
10013,1411
24565,1412
19135,1413
14014,1414
14752,1415
26282,1416
3422,1417
14464,1418
16385,1419
13054,1420
21682,1421
25967,1422
13935,1423
5082,1424
16963,1425
7226,1426
15547,1427
26088,1428
9971,1429
17024,1430
3294,1431
20932,1432
17513,1433
24694,1434
1024,1435
25568,1436
27054,1437
11573,1438
12451,1439
12019,1440
23831,1441
6757,1442
7599,1443
5080,1444
10817,1445
21700,1446
8745,1447
14466,1448
21290,1449
13851,1450
23707,1451
22273,1452
20709,1453
19673,1454
12139,1455
13754,1456
24176,1457
7047,1458
26144,1459
7410,1460
21922,1461
3038,1462
782,1463
5764,1464
21548,1465
12544,1466
24690,1467
1216,1468
13050,1469
21646,1470
12711,1471
20322,1472
26168,1473
1166,1474
11170,1475
8356,1476
11195,1477
15103,1478
21910,1479
6130,1480
8074,1481
16046,1482
20298,1483
22357,1484
27127,1485
11214,1486
8124,1487
11230,1488
1834,1489
4239,1490
16116,1491
6133,1492
3233,1493
19493,1494
7188,1495
15652,1496
16098,1497
10575,1498
19894,1499
8539,1500
27625,1501
17390,1502
19036,1503
3330,1504
20601,1505
8744,1506
12581,1507
20387,1508
4666,1509
16734,1510
18981,1511
5322,1512
14621,1513
14026,1514
13767,1515
14493,1516
26777,1517
10224,1518
18918,1519
20169,1520
21022,1521
16824,1522
23167,1523
9548,1524
2161,1525
21813,1526
20855,1527
2226,1528
23824,1529
6015,1530
18057,1531
4556,1532
19648,1533
19111,1534
17995,1535
4538,1536
13177,1537
24480,1538
12433,1539
26810,1540
19200,1541
8971,1542
10874,1543
13660,1544
2749,1545
11407,1546
23756,1547
15020,1548
12940,1549
4867,1550
13044,1551
21786,1552
2684,1553
27166,1554
22559,1555
16928,1556
23060,1557
6496,1558
27721,1559
26518,1560
21661,1561
17543,1562
2747,1563
19831,1564
22179,1565
27780,1566
11588,1567
17045,1568
11710,1569
5063,1570
11515,1571
18468,1572
1791,1573
21744,1574
15715,1575
12432,1576
10051,1577
17145,1578
12564,1579
14076,1580
23404,1581
2597,1582
5376,1583
2252,1584
16232,1585
13178,1586
19355,1587
6865,1588
2626,1589
4947,1590
7536,1591
8191,1592
11765,1593
23952,1594
24515,1595
23277,1596
12272,1597
27551,1598
18256,1599
19533,1600
8106,1601
874,1602
9206,1603
3928,1604
6711,1605
4716,1606
26829,1607
7267,1608
15774,1609
19389,1610
17362,1611
24606,1612
17649,1613
22254,1614
19909,1615
6059,1616
1192,1617
14274,1618
8584,1619
22773,1620
15531,1621
852,1622
2644,1623
10037,1624
16006,1625
10995,1626
16815,1627
16351,1628
182,1629
23051,1630
25218,1631
19203,1632
23252,1633
16879,1634
8819,1635
1149,1636
1445,1637
12284,1638
15482,1639
24144,1640
8303,1641
21892,1642
11297,1643
27109,1644
11225,1645
9695,1646
3867,1647
1683,1648
24108,1649
9639,1650
25776,1651
15097,1652
14318,1653
21330,1654
26877,1655
1106,1656
21793,1657
25173,1658
8161,1659
22980,1660
14288,1661
191,1662
3388,1663
18234,1664
19818,1665
19496,1666
2102,1667
8287,1668
13235,1669
6255,1670
23990,1671
1126,1672
3973,1673
3963,1674
21802,1675
4743,1676
22457,1677
10633,1678
26829,1679
4459,1680
14087,1681
25897,1682
9804,1683
24144,1684
21134,1685
12599,1686
9217,1687
16081,1688
18269,1689
12032,1690
7565,1691
3023,1692
9561,1693
5160,1694
12644,1695
15009,1696
16663,1697
6032,1698
16291,1699
9263,1700
4531,1701
26938,1702
15534,1703
20722,1704
17234,1705
26391,1706
5611,1707
13197,1708
26086,1709
16755,1710
14099,1711
11763,1712
5805,1713
1470,1714
6353,1715
8385,1716
20552,1717
641,1718
22457,1719
15724,1720
11658,1721
22892,1722
8143,1723
22931,1724
5421,1725
7921,1726
8195,1727
12287,1728
15543,1729
25451,1730
1286,1731
14085,1732
5634,1733
9723,1734
8974,1735
20881,1736
9947,1737
10656,1738
8772,1739
7256,1740
25097,1741
13426,1742
15343,1743
758,1744
174,1745
19379,1746
16859,1747
13380,1748
26181,1749
8580,1750
18309,1751
4543,1752
19747,1753
11431,1754
25492,1755
16279,1756
8110,1757
22912,1758
15374,1759
4519,1760
18191,1761
11461,1762
1840,1763
22712,1764
4047,1765
25690,1766
25987,1767
13451,1768
14477,1769
25595,1770
27754,1771
7987,1772
18267,1773
6553,1774
7479,1775
16512,1776
26611,1777
18671,1778
21239,1779
13991,1780
15199,1781
8800,1782
14370,1783
16367,1784
17718,1785
26507,1786
3972,1787
23940,1788
23420,1789
14249,1790
5511,1791
27736,1792
22544,1793
11832,1794
3017,1795
23661,1796
7602,1797
863,1798
17338,1799
3717,1800
13482,1801
24907,1802
16541,1803
26630,1804
2472,1805
773,1806
10377,1807
16807,1808
17609,1809
13310,1810
7569,1811
13786,1812
8860,1813
21062,1814
9960,1815
23466,1816
2147,1817
22651,1818
8015,1819
24131,1820
20774,1821
2522,1822
1215,1823
21737,1824
25919,1825
7570,1826
5062,1827
27385,1828
3330,1829
26340,1830
18557,1831
316,1832
21294,1833
8685,1834
11885,1835
23239,1836
9757,1837
12409,1838
14878,1839
1970,1840
23939,1841
12153,1842
8715,1843
12375,1844
20935,1845
22915,1846
20154,1847
19448,1848
6348,1849
11179,1850
3285,1851
19656,1852
15470,1853
11715,1854
21764,1855
5099,1856
7336,1857
17117,1858
21795,1859
23177,1860
6683,1861
8030,1862
6702,1863
4294,1864
5413,1865
25079,1866
15274,1867
11306,1868
12316,1869
5956,1870
1172,1871
12611,1872
19703,1873
1492,1874
6887,1875
7505,1876
13093,1877
6099,1878
5532,1879
25699,1880
11444,1881
23615,1882
6272,1883
20884,1884
18859,1885
23063,1886
7645,1887
6886,1888
209,1889
12842,1890
2546,1891
26446,1892
6500,1893
18488,1894
14323,1895
5110,1896
9602,1897
12067,1898
20870,1899
2508,1900
1276,1901
4353,1902
19750,1903
23103,1904
20217,1905
17962,1906
11978,1907
4098,1908
24074,1909
12089,1910
3523,1911
21348,1912
3415,1913
26456,1914
18386,1915
7865,1916
23272,1917
19291,1918
2296,1919
5305,1920
5156,1921
11335,1922
11289,1923
21722,1924
328,1925
16170,1926
125,1927
11406,1928
5866,1929
7655,1930
22596,1931
14004,1932
16803,1933
11568,1934
1240,1935
8842,1936
12194,1937
5951,1938
7827,1939
2437,1940
27756,1941
7758,1942
16447,1943
19221,1944
9296,1945
9717,1946
22623,1947
10627,1948
21706,1949
7995,1950
7132,1951
12346,1952
20978,1953
3812,1954
23449,1955
23831,1956
8901,1957
16531,1958
4649,1959
5306,1960
3641,1961
5551,1962
371,1963
27086,1964
18335,1965
25550,1966
18091,1967
20458,1968
2106,1969
15644,1970
16655,1971
21118,1972
20617,1973
18238,1974
17737,1975
9713,1976
1297,1977
26825,1978
14976,1979
1783,1980
6655,1981
24161,1982
10350,1983
26346,1984
26985,1985
4687,1986
7714,1987
6997,1988
14142,1989
19822,1990
7026,1991
14888,1992
26900,1993
12437,1994
24516,1995
8380,1996
12017,1997
2521,1998
24902,1999
14725,2000
15886,2001
18717,2002
3617,2003
15718,2004
4926,2005
16488,2006
20719,2007
22831,2008
2511,2009
19014,2010
15001,2011
18531,2012
3706,2013
619,2014
22698,2015
19305,2016
77,2017
23692,2018
14806,2019
7732,2020
15349,2021
1449,2022
11145,2023
26778,2024
14801,2025
960,2026
5640,2027
21429,2028
18251,2029
22859,2030
22780,2031
26098,2032
22163,2033
9059,2034
10756,2035
26868,2036
6695,2037
14448,2038
15313,2039
2556,2040
4941,2041
8140,2042
27722,2043
13552,2044
850,2045
6915,2046
8960,2047
14576,2048
22189,2049
17129,2050
22946,2051
12222,2052
8909,2053
20511,2054
27534,2055
16911,2056
7334,2057
8715,2058
7586,2059
11545,2060
18394,2061
19045,2062
8215,2063
11523,2064
1479,2065
27019,2066
19846,2067
1605,2068
17158,2069
22119,2070
22915,2071
21823,2072
5688,2073
18403,2074
12479,2075
18723,2076
23781,2077
22440,2078
21043,2079
4669,2080
5412,2081
12920,2082
12716,2083
17510,2084
2768,2085
1613,2086
6593,2087
16061,2088
4260,2089
21722,2090
11223,2091
14710,2092
19626,2093
11059,2094
12314,2095
8067,2096
22454,2097
23769,2098
16829,2099
10962,2100
24625,2101
13594,2102
19198,2103
3943,2104
22303,2105
5010,2106
25575,2107
9917,2108
23511,2109
22368,2110
4335,2111
15037,2112
7986,2113
20155,2114
21069,2115
16206,2116
10059,2117
24143,2118
1219,2119
15472,2120
25634,2121
3888,2122
18849,2123
11944,2124
15553,2125
15059,2126
7960,2127
19445,2128
19041,2129
10683,2130
7589,2131
1801,2132
25480,2133
11261,2134
2888,2135
7098,2136
3848,2137
12237,2138
8388,2139
1199,2140
21176,2141
14947,2142
306,2143
7973,2144
1126,2145
1201,2146
7650,2147
15959,2148
21854,2149
6764,2150
2710,2151
18486,2152
12451,2153
16842,2154
26525,2155
13081,2156
9366,2157
14631,2158
18570,2159
20712,2160
19628,2161
21019,2162
12880,2163
499,2164
14320,2165
10125,2166
15893,2167
15283,2168
26983,2169
4778,2170
27335,2171
6946,2172
9552,2173
2306,2174
22389,2175
15917,2176
4277,2177
17608,2178
6129,2179
10261,2180
14698,2181
10594,2182
6077,2183
15691,2184
12299,2185
13044,2186
3352,2187
8457,2188
16154,2189
22394,2190
11343,2191
25529,2192
21610,2193
22944,2194
14583,2195
17719,2196
8862,2197
20304,2198
3536,2199
14257,2200
26295,2201
11906,2202
20276,2203
10921,2204
547,2205
3843,2206
22218,2207
3642,2208
4876,2209
21478,2210
4416,2211
11827,2212
20683,2213
21016,2214
26684,2215
22642,2216
10482,2217
25134,2218
16739,2219
10975,2220
16545,2221
9540,2222
19926,2223
21341,2224
11947,2225
6348,2226
20143,2227
15741,2228
26178,2229
5255,2230
15412,2231
18828,2232
4280,2233
526,2234
22578,2235
25710,2236
24030,2237
3133,2238
1867,2239
15460,2240
24088,2241
15270,2242
26485,2243
9493,2244
9851,2245
14514,2246
12623,2247
13302,2248
18360,2249
748,2250
3134,2251
21697,2252
730,2253
9157,2254
23758,2255
22740,2256
22475,2257
20997,2258
22738,2259
21780,2260
10274,2261
21590,2262
23925,2263
23681,2264
25835,2265
5433,2266
10835,2267
20087,2268
22399,2269
13021,2270
21800,2271
23513,2272
22667,2273
23911,2274
26494,2275
15498,2276
1985,2277
4636,2278
14296,2279
27280,2280
1792,2281
5776,2282
18416,2283
2396,2284
19425,2285
4049,2286
1218,2287
20546,2288
25339,2289
26988,2290
24001,2291
25801,2292
16881,2293
4366,2294
10,2295
16765,2296
25051,2297
16271,2298
3808,2299
20164,2300
2336,2301
8627,2302
21139,2303
5457,2304
8400,2305
18250,2306
12314,2307
8486,2308
18518,2309
11505,2310
27267,2311
5948,2312
11181,2313
17463,2314
22536,2315
21887,2316
19348,2317
16159,2318
17520,2319
21266,2320
2202,2321
2425,2322
8094,2323
24322,2324
15900,2325
4225,2326
23634,2327
27434,2328
8248,2329
10471,2330
3468,2331
22847,2332
26696,2333
6344,2334
6356,2335
1299,2336
11484,2337
12296,2338
9166,2339
22486,2340
13591,2341
10468,2342
8910,2343
24806,2344
12599,2345
2541,2346
4777,2347
20027,2348
19314,2349
8298,2350
13697,2351
10082,2352
20420,2353
2417,2354
6140,2355
15551,2356
6678,2357
14394,2358
11948,2359
14713,2360
13705,2361
20945,2362
26415,2363
27473,2364
18694,2365
10745,2366
24477,2367
10345,2368
11232,2369
574,2370
2407,2371
20408,2372
6698,2373
26732,2374
13234,2375
4476,2376
3930,2377
2299,2378
4744,2379
23572,2380
15221,2381
15271,2382
19628,2383
4206,2384
10292,2385
2592,2386
779,2387
1477,2388
1194,2389
27082,2390
10519,2391
12757,2392
22728,2393
16092,2394
3217,2395
18786,2396
17942,2397
24067,2398
4198,2399
6327,2400
8766,2401
13656,2402
26302,2403
24729,2404
27647,2405
14494,2406
26783,2407
12577,2408
26730,2409
2160,2410
1281,2411
7492,2412
3210,2413
3900,2414
12536,2415
1970,2416
21967,2417
27619,2418
4504,2419
24720,2420
14207,2421
13416,2422
18809,2423
5213,2424
16704,2425
9202,2426
18373,2427
12471,2428
26353,2429
7021,2430
21050,2431
15088,2432
23246,2433
13804,2434
9481,2435
4888,2436
12857,2437
21095,2438
6142,2439
16431,2440
18215,2441
2856,2442
2969,2443
13503,2444
9785,2445
18049,2446
4886,2447
22279,2448
16600,2449
8618,2450
5930,2451
17689,2452
4736,2453
21551,2454
17248,2455
1166,2456
13294,2457
7979,2458
1107,2459
24227,2460
13,2461
13399,2462
13388,2463
4584,2464
11623,2465
20020,2466
16647,2467
21883,2468
14474,2469
24443,2470
5801,2471
4198,2472
3863,2473
15130,2474
6557,2475
25295,2476
17651,2477
24747,2478
205,2479
11988,2480
25940,2481
9002,2482
6417,2483
20167,2484
19137,2485
3663,2486
1258,2487
6824,2488
26169,2489
26620,2490
7038,2491
17986,2492
14861,2493
25762,2494
5847,2495
4279,2496
17803,2497
17591,2498
24523,2499
18340,2500
27152,2501
27650,2502
7115,2503
1737,2504
18914,2505
5782,2506
17952,2507
17540,2508
9730,2509
17507,2510
11468,2511
10483,2512
12999,2513
12380,2514
8046,2515
14567,2516
7456,2517
11386,2518
22229,2519
4140,2520
3877,2521
21435,2522
6298,2523
107,2524
22207,2525
20531,2526
6074,2527
9044,2528
22889,2529
13623,2530
10616,2531
4818,2532
16429,2533
21582,2534
4461,2535
13007,2536
9006,2537
17500,2538
24549,2539
11863,2540
20133,2541
15375,2542
3012,2543
15352,2544
17734,2545
23266,2546
8538,2547
18395,2548
8217,2549
8904,2550
12999,2551
19815,2552
25934,2553
254,2554
12266,2555
9304,2556
508,2557
12219,2558
19634,2559
1240,2560
24822,2561
16101,2562
21137,2563
2813,2564
9671,2565
9977,2566
14937,2567
23023,2568
15839,2569
17584,2570
2314,2571
725,2572
25241,2573
13323,2574
6241,2575
21836,2576
3818,2577
7913,2578
3131,2579
16820,2580
6486,2581
26675,2582
9569,2583
6607,2584
5341,2585
27553,2586
22621,2587
2301,2588
2852,2589
21200,2590
16259,2591
7544,2592
13756,2593
19910,2594
23411,2595
22519,2596
27122,2597
13712,2598
11582,2599
7767,2600
8291,2601
3873,2602
13250,2603
17292,2604
8579,2605
23000,2606
19833,2607
13628,2608
18225,2609
8931,2610
21207,2611
13432,2612
21334,2613
16232,2614
18288,2615
9650,2616
9795,2617
14096,2618
22950,2619
24492,2620
16767,2621
20622,2622
14268,2623
23709,2624
9993,2625
27602,2626
15502,2627
19733,2628
19913,2629
26402,2630
2592,2631
6667,2632
26374,2633
6405,2634
3928,2635
17611,2636
4831,2637
9228,2638
323,2639
16226,2640
24094,2641
16602,2642
3043,2643
4523,2644
5610,2645
17814,2646
1222,2647
6053,2648
5924,2649
14025,2650
25120,2651
26085,2652
25614,2653
1496,2654
5110,2655
1884,2656
25447,2657
21514,2658
3755,2659
26552,2660
9663,2661
4762,2662
6252,2663
7375,2664
26255,2665
12605,2666
274,2667
19996,2668
11781,2669
267,2670
26459,2671
18218,2672
18608,2673
13985,2674
17178,2675
15935,2676
2922,2677
1262,2678
7495,2679
1705,2680
27559,2681
596,2682
1370,2683
18859,2684
21320,2685
16930,2686
23878,2687
11717,2688
4258,2689
26245,2690
15098,2691
10951,2692
12581,2693
4949,2694
5023,2695
4346,2696
10303,2697
10650,2698
3426,2699
1106,2700
20426,2701
10402,2702
25630,2703
10735,2704
18788,2705
1161,2706
12034,2707
7833,2708
5699,2709
19744,2710
5723,2711
23810,2712
17294,2713
10341,2714
20005,2715
17432,2716
24071,2717
10868,2718
4338,2719
19131,2720
20617,2721
11258,2722
5072,2723
21388,2724
26134,2725
19986,2726
17792,2727
8742,2728
25054,2729
11978,2730
3778,2731
21426,2732
24232,2733
25091,2734
7743,2735
6049,2736
26444,2737
26439,2738
19381,2739
8870,2740
14851,2741
8944,2742
1454,2743
9144,2744
8657,2745
16119,2746
26561,2747
15283,2748
25527,2749
15257,2750
2377,2751
5719,2752
10826,2753
22874,2754
23060,2755
4674,2756
22667,2757
18787,2758
12255,2759
9688,2760
27090,2761
25144,2762
1966,2763
24027,2764
7547,2765
20866,2766
188,2767
7519,2768
64,2769
2055,2770
3283,2771
7059,2772
22960,2773
10303,2774
22533,2775
5134,2776
9379,2777
1766,2778
21196,2779
23338,2780
22413,2781
20490,2782
9318,2783
11681,2784
12834,2785
17356,2786
23000,2787
20087,2788
5584,2789
19935,2790
18874,2791
25892,2792
6135,2793
8812,2794
9005,2795
1753,2796
24369,2797
19994,2798
17562,2799
14284,2800
497,2801
27337,2802
21849,2803
14423,2804
4423,2805
11921,2806
193,2807
16411,2808
2832,2809
15887,2810
20603,2811
4283,2812
1449,2813
19648,2814
22441,2815
18862,2816
23425,2817
6809,2818
14710,2819
15540,2820
16869,2821
5570,2822
1547,2823
25184,2824
3869,2825
26342,2826
25571,2827
4528,2828
6014,2829
13066,2830
10537,2831
5106,2832
9920,2833
23670,2834
6663,2835
27378,2836
23769,2837
18855,2838
18576,2839
25142,2840
12031,2841
10150,2842
26855,2843
8473,2844
14651,2845
4067,2846
11233,2847
7594,2848
1403,2849
17387,2850
27534,2851
27788,2852
12530,2853
9079,2854
13282,2855
17848,2856
671,2857
18055,2858
430,2859
14580,2860
20631,2861
27554,2862
16321,2863
12588,2864
8002,2865
15950,2866
21866,2867
21876,2868
17261,2869
19154,2870
15085,2871
18330,2872
3750,2873
18211,2874
3217,2875
10924,2876
11324,2877
21479,2878
1804,2879
20474,2880
16743,2881
26655,2882
25320,2883
305,2884
23054,2885
15079,2886
25152,2887
17869,2888
3949,2889
25327,2890
18257,2891
23263,2892
11350,2893
8691,2894
10208,2895
9688,2896
27218,2897
3899,2898
1863,2899
11102,2900
26334,2901
12449,2902
16003,2903
22046,2904
22047,2905
7905,2906
23736,2907
5512,2908
10683,2909
18651,2910
1430,2911
10661,2912
17422,2913
19109,2914
22990,2915
25201,2916
14948,2917
5393,2918
12455,2919
11141,2920
4395,2921
4564,2922
21721,2923
3601,2924
14092,2925
13158,2926
14330,2927
25649,2928
20474,2929
7170,2930
24316,2931
26714,2932
20913,2933
17696,2934
17582,2935
3599,2936
22859,2937
18465,2938
12695,2939
22702,2940
3363,2941
24650,2942
13459,2943
2973,2944
20286,2945
20862,2946
15430,2947
8165,2948
9483,2949
11973,2950
20021,2951
14035,2952
22610,2953
9593,2954
13207,2955
1011,2956
20840,2957
20448,2958
18716,2959
18612,2960
13736,2961
6178,2962
6146,2963
23613,2964
7719,2965
4443,2966
13119,2967
3094,2968
21425,2969
26618,2970
19334,2971
15205,2972
26722,2973
7388,2974
3559,2975
11702,2976
3000,2977
2235,2978
24540,2979
7706,2980
13750,2981
9941,2982
12020,2983
27700,2984
23650,2985
19529,2986
13247,2987
8532,2988
16711,2989
1426,2990
20536,2991
5446,2992
15367,2993
1102,2994
18222,2995
14109,2996
6519,2997
25702,2998
26976,2999
21694,3000
24214,3001
14285,3002
26820,3003
833,3004
24640,3005
15176,3006
11948,3007
20969,3008
25405,3009
9758,3010
14221,3011
25218,3012
14280,3013
12217,3014
6787,3015
27115,3016
5357,3017
23856,3018
25895,3019
15835,3020
23970,3021
21653,3022
14674,3023
3875,3024
15828,3025
22236,3026
23084,3027
14406,3028
5508,3029
24088,3030
16532,3031
250,3032
23408,3033
15419,3034
18421,3035
17672,3036
20138,3037
19364,3038
22315,3039
27668,3040
24145,3041
27056,3042
6944,3043
24457,3044
5416,3045
4273,3046
23949,3047
12720,3048
10225,3049
3222,3050
11061,3051
9578,3052
13967,3053
17989,3054
19063,3055
9378,3056
22133,3057
8255,3058
8890,3059
25832,3060
7062,3061
6400,3062
3522,3063
27331,3064
26150,3065
2964,3066
22829,3067
2778,3068
16892,3069
14190,3070
4542,3071
7918,3072
3540,3073
9526,3074
12635,3075
13567,3076
24647,3077
24858,3078
10699,3079
13362,3080
5191,3081
615,3082
2817,3083
8515,3084
20674,3085
27040,3086
23557,3087
6831,3088
15845,3089
25104,3090
19098,3091
23031,3092
24834,3093
2697,3094
17695,3095
25886,3096
7322,3097
5208,3098
27397,3099
11507,3100
18920,3101
12352,3102
19972,3103
1713,3104
10953,3105
9382,3106
20121,3107
22845,3108
241,3109
3429,3110
25285,3111
12801,3112
18625,3113
4840,3114
12218,3115
22144,3116
10910,3117
3470,3118
1359,3119
16920,3120
1435,3121
19138,3122
22261,3123
4713,3124
4383,3125
4520,3126
19614,3127
2988,3128
8302,3129
6647,3130
9561,3131
26700,3132
1606,3133
19728,3134
27780,3135
9865,3136
7890,3137
1787,3138
23333,3139
6032,3140
22923,3141
21616,3142
10346,3143
22175,3144
6217,3145
7793,3146
20481,3147
16294,3148
11779,3149
6738,3150
10826,3151
10463,3152
5987,3153
22114,3154
11220,3155
23549,3156
1007,3157
21294,3158
25051,3159
651,3160
20233,3161
22628,3162
3015,3163
25075,3164
902,3165
17044,3166
4146,3167
9132,3168
26110,3169
23802,3170
26657,3171
26623,3172
12779,3173
25525,3174
18106,3175
20405,3176
1875,3177
13061,3178
6928,3179
24712,3180
22606,3181
5511,3182
26158,3183
24337,3184
2428,3185
1647,3186
25834,3187
576,3188
3050,3189
4650,3190
13883,3191
25808,3192
13267,3193
14116,3194
3998,3195
22763,3196
14842,3197
4115,3198
12781,3199
2100,3200
24821,3201
14418,3202
1621,3203
6224,3204
4829,3205
17691,3206
25425,3207
12758,3208
25314,3209
23685,3210
11687,3211
17332,3212
17249,3213
22691,3214
25301,3215
6287,3216
6555,3217
24492,3218
15824,3219
19246,3220
12413,3221
2142,3222
12774,3223
15028,3224
563,3225
4046,3226
23569,3227
16580,3228
23228,3229
23217,3230
4334,3231
18405,3232
5078,3233
23021,3234
17372,3235
8181,3236
24478,3237
5730,3238
6057,3239
12960,3240
24411,3241
9050,3242
10699,3243
25755,3244
8966,3245
9338,3246
1373,3247
367,3248
14169,3249
9683,3250
16431,3251
14704,3252
20795,3253
12054,3254
17981,3255
843,3256
25830,3257
5990,3258
7799,3259
15651,3260
14264,3261
22589,3262
12040,3263
11680,3264
19918,3265
7716,3266
16629,3267
27647,3268
25519,3269
13550,3270
9860,3271
4441,3272
19149,3273
17772,3274
20128,3275
25427,3276
11018,3277
3607,3278
8861,3279
5653,3280
778,3281
16940,3282
25166,3283
26127,3284
20692,3285
11997,3286
8521,3287
6954,3288
18777,3289
15387,3290
15173,3291
24396,3292
18153,3293
4936,3294
20647,3295
13713,3296
24598,3297
2082,3298
15669,3299
11058,3300
1928,3301
16105,3302
26505,3303
19765,3304
2262,3305
19464,3306
13078,3307
19412,3308
4216,3309
18569,3310
22114,3311
8745,3312
11670,3313
13713,3314
24538,3315
11132,3316
23343,3317
22255,3318
21904,3319
6013,3320
19010,3321
7725,3322
11650,3323
4639,3324
8605,3325
16051,3326
9129,3327
17494,3328
11853,3329
10821,3330
5406,3331
21576,3332
23191,3333
20120,3334
22982,3335
4560,3336
13660,3337
3721,3338
10096,3339
17887,3340
22652,3341
20410,3342
23242,3343
23229,3344
8676,3345
10649,3346
11730,3347
791,3348
216,3349
9253,3350
14370,3351
23373,3352
17575,3353
27086,3354
6362,3355
11525,3356
5938,3357
1362,3358
351,3359
6240,3360
15072,3361
23572,3362
26260,3363
22214,3364
26331,3365
12744,3366
15852,3367
22068,3368
27172,3369
2622,3370
9796,3371
24597,3372
23924,3373
24799,3374
13552,3375
24852,3376
1954,3377
9382,3378
7429,3379
11362,3380
26081,3381
18427,3382
6138,3383
25351,3384
117,3385
3594,3386
27411,3387
2697,3388
20307,3389
3097,3390
6460,3391
17181,3392
7204,3393
7888,3394
27515,3395
27382,3396
4167,3397
573,3398
11428,3399
19756,3400
11071,3401
8975,3402
9849,3403
2445,3404
16572,3405
5571,3406
4121,3407
4885,3408
21885,3409
12875,3410
15987,3411
18564,3412
11948,3413
8169,3414
11157,3415
9082,3416
24779,3417
22700,3418
21214,3419
15922,3420
1867,3421
2924,3422
9041,3423
17657,3424
1257,3425
20370,3426
11710,3427
11130,3428
5885,3429
5,3430
8520,3431
19967,3432
23361,3433
12731,3434
7117,3435
12878,3436
27631,3437
4997,3438
13329,3439
2625,3440
14497,3441
14910,3442
20345,3443
22240,3444
1079,3445
24406,3446
1615,3447
15904,3448
1196,3449
17498,3450
9044,3451
19979,3452
20351,3453
21801,3454
1824,3455
10611,3456
18713,3457
18899,3458
19125,3459
16993,3460
5529,3461
6750,3462
8126,3463
11654,3464
8144,3465
16536,3466
4740,3467
743,3468
21519,3469
759,3470
15722,3471
5821,3472
21910,3473
24342,3474
11713,3475
6735,3476
27046,3477
20649,3478
18433,3479
12670,3480
4749,3481
24110,3482
274,3483
22765,3484
6692,3485
4322,3486
12546,3487
8005,3488
9291,3489
15487,3490
8006,3491
24522,3492
27701,3493
91,3494
2271,3495
15904,3496
16033,3497
2641,3498
26178,3499
3185,3500
20521,3501
2316,3502
9062,3503
24885,3504
8247,3505
12873,3506
26199,3507
19451,3508
6561,3509
18661,3510
10642,3511
2453,3512
13852,3513
26937,3514
23793,3515
19508,3516
2112,3517
15885,3518
20540,3519
11188,3520
105,3521
13633,3522
19802,3523
17417,3524
2146,3525
9713,3526
25414,3527
19386,3528
14425,3529
17966,3530
24974,3531
4019,3532
9776,3533
15200,3534
4901,3535
7224,3536
26174,3537
8824,3538
21558,3539
6106,3540
722,3541
25831,3542
15395,3543
3175,3544
15656,3545
5495,3546
27348,3547
3552,3548
24878,3549
1919,3550
20298,3551
26020,3552
1520,3553
8239,3554
17673,3555
2996,3556
14577,3557
22644,3558
18158,3559
25965,3560
10591,3561
15879,3562
23920,3563
17500,3564
16054,3565
12259,3566
26109,3567
8768,3568
1102,3569
3204,3570
11142,3571
14419,3572
10515,3573
15103,3574
11247,3575
5386,3576
7499,3577
16019,3578
6277,3579
11890,3580
27420,3581
26754,3582
8578,3583
1530,3584
3376,3585
20288,3586
10021,3587
10809,3588
8333,3589
8370,3590
3778,3591
4053,3592
14881,3593
10783,3594
10923,3595
12209,3596
26641,3597
23074,3598
134,3599
10981,3600
22852,3601
1766,3602
10163,3603
15455,3604
1716,3605
23090,3606
841,3607
20405,3608
5285,3609
1949,3610
176,3611
10820,3612
27245,3613
18946,3614
6260,3615
25784,3616
5973,3617
27248,3618
14123,3619
14790,3620
21300,3621
6521,3622
21454,3623
7748,3624
10884,3625
17206,3626
8653,3627
8731,3628
26410,3629
7883,3630
20685,3631
22880,3632
4734,3633
593,3634
16713,3635
9997,3636
20159,3637
4873,3638
17130,3639
24193,3640
3223,3641
659,3642
13087,3643
10997,3644
22352,3645
24052,3646
3740,3647
380,3648
2392,3649
11649,3650
26731,3651
1383,3652
12689,3653
26859,3654
10833,3655
26855,3656
15952,3657
23658,3658
12117,3659
17438,3660
14028,3661
16517,3662
4640,3663
23168,3664
16919,3665
24254,3666
27539,3667
2827,3668
8095,3669
1629,3670
25318,3671
19401,3672
23922,3673
23459,3674
24062,3675
22601,3676
24821,3677
19469,3678
24496,3679
17057,3680
23382,3681
16615,3682
1610,3683
16819,3684
2644,3685
11833,3686
9416,3687
10701,3688
9651,3689
1233,3690
16598,3691
11042,3692
25121,3693
20609,3694
23244,3695
20544,3696
15034,3697
4067,3698
5158,3699
11765,3700
16777,3701
9340,3702
26403,3703
20951,3704
8608,3705
25972,3706
4680,3707
17459,3708
17934,3709
14279,3710
971,3711
18288,3712
22362,3713
13703,3714
869,3715
26705,3716
24144,3717
726,3718
23222,3719
10130,3720
8188,3721
2589,3722
24748,3723
15314,3724
23359,3725
3017,3726
724,3727
9738,3728
20598,3729
24800,3730
18766,3731
252,3732
8919,3733
21286,3734
828,3735
20763,3736
20155,3737
24488,3738
26930,3739
9335,3740
3672,3741
17015,3742
18873,3743
20955,3744
17627,3745
146,3746
19574,3747
5002,3748
26259,3749
22694,3750
15627,3751
20573,3752
6767,3753
17621,3754
5007,3755
12117,3756
20937,3757
26387,3758
3785,3759
17922,3760
2554,3761
22195,3762
2801,3763
11514,3764
1766,3765
21886,3766
25928,3767
15045,3768
8178,3769
24632,3770
16566,3771
2153,3772
1546,3773
10381,3774
12320,3775
13296,3776
19059,3777
19618,3778
11951,3779
2158,3780
6792,3781
24566,3782
14380,3783
26718,3784
12304,3785
2929,3786
23824,3787
16225,3788
11367,3789
2805,3790
9733,3791
19036,3792
15993,3793
15765,3794
22982,3795
3818,3796
22486,3797
15288,3798
11036,3799
10725,3800
25960,3801
12593,3802
13927,3803
773,3804
26574,3805
16344,3806
22046,3807
25640,3808
17400,3809
23134,3810
7958,3811
25552,3812
12856,3813
228,3814
3119,3815
26327,3816
27492,3817
1641,3818
23340,3819
20067,3820
20453,3821
26514,3822
15234,3823
21901,3824
14170,3825
14865,3826
20971,3827
26351,3828
14888,3829
5302,3830
23472,3831
11038,3832
9453,3833
8915,3834
24616,3835
918,3836
18597,3837
1335,3838
15669,3839
13458,3840
8286,3841
14939,3842
14364,3843
10294,3844
9361,3845
15747,3846
14488,3847
5385,3848
14005,3849
19950,3850
23122,3851
1026,3852
25173,3853
18444,3854
12985,3855
26262,3856
1139,3857
15138,3858
10892,3859
12767,3860
3360,3861
10091,3862
9751,3863
8055,3864
8109,3865
18017,3866
16156,3867
13858,3868
999,3869
10851,3870
20775,3871
25418,3872
23228,3873
10725,3874
6193,3875
19444,3876
4713,3877
18989,3878
7747,3879
3628,3880
1687,3881
21815,3882
22974,3883
19117,3884
18558,3885
17216,3886
3144,3887
13578,3888
24498,3889
1905,3890
4737,3891
26579,3892
13488,3893
396,3894
24246,3895
9974,3896
5584,3897
12473,3898
5023,3899
14627,3900
23927,3901
5151,3902
14694,3903
16914,3904
711,3905
2788,3906
8542,3907
6266,3908
16627,3909
17669,3910
3596,3911
20180,3912
10046,3913
14038,3914
23926,3915
15748,3916
25898,3917
4413,3918
11721,3919
381,3920
8258,3921
16127,3922
336,3923
12995,3924
27450,3925
11547,3926
19912,3927
19749,3928
25448,3929
7658,3930
11598,3931
8411,3932
3235,3933
7758,3934
15881,3935
4229,3936
25722,3937
15561,3938
18511,3939
542,3940
17083,3941
14102,3942
3501,3943
9559,3944
4511,3945
27062,3946
571,3947
8708,3948
16681,3949
14848,3950
4680,3951
15170,3952
9748,3953
4861,3954
4085,3955
2604,3956
1962,3957
12173,3958
7439,3959
20671,3960
21403,3961
4314,3962
22065,3963
20482,3964
11285,3965
10662,3966
15400,3967
3184,3968
20110,3969
1258,3970
17506,3971
23764,3972
23270,3973
2514,3974
27191,3975
23673,3976
26473,3977
19310,3978
19367,3979
16062,3980
18129,3981
3535,3982
3650,3983
26640,3984
10774,3985
12353,3986
5018,3987
16145,3988
4398,3989
2305,3990
26708,3991
24515,3992
24699,3993
21494,3994
12880,3995
9647,3996
18569,3997
25511,3998
26591,3999
2559,4000
23824,4001
20533,4002
18294,4003
11285,4004
832,4005
1108,4006
18080,4007
27080,4008
24413,4009
10921,4010
2428,4011
14790,4012
13229,4013
25483,4014
13936,4015
17894,4016
21588,4017
16586,4018
11432,4019
4035,4020
22202,4021
7220,4022
13986,4023
15407,4024
20452,4025
25222,4026
9997,4027
11117,4028
3769,4029
2714,4030
2659,4031
74,4032
10396,4033
13000,4034
7793,4035
19479,4036
24321,4037
7671,4038
5898,4039
25086,4040
25652,4041
1983,4042
26574,4043
17606,4044
12560,4045
5337,4046
15096,4047
11998,4048
24984,4049
23053,4050
11053,4051
15296,4052
1685,4053
22611,4054
9730,4055
11877,4056
25543,4057
3143,4058
16006,4059
8250,4060
15149,4061
7755,4062
11462,4063
17510,4064
15250,4065
19595,4066
8028,4067
22760,4068
27519,4069
17737,4070
26009,4071
4131,4072
9189,4073
8950,4074
17596,4075
17703,4076
21840,4077
14498,4078
14084,4079
21065,4080
10749,4081
26438,4082
21575,4083
11954,4084
5007,4085
22328,4086
11880,4087
24630,4088
6646,4089
18316,4090
27656,4091
5897,4092
16459,4093
15175,4094
171,4095
11562,4096
