7919,1
7720,2
5748,3
20228,4
4597,5
25409,6
12206,7
1014,8
4885,9
20024,10
7320,11
17776,12
14314,13
6557,14
6424,15
25695,16
3348,17
19772,18
5722,19
2226,20
22789,21
27202,22
18144,23
1680,24
9302,25
1628,26
11353,27
12084,28
6165,29
22575,30
2544,31
4084,32
17998,33
2374,34
2411,35
11785,36
24546,37
10141,38
13255,39
5606,40
15127,41
24832,42
10657,43
13374,44
24712,45
16278,46
25757,47
26682,48
26109,49
23264,50
11488,51
3921,52
22296,53
13878,54
11983,55
24278,56
8980,57
24665,58
6372,59
25892,60
3554,61
18270,62
4243,63
22998,64
5010,65
22404,66
25384,67
13935,68
6074,69
23103,70
4772,71
25893,72
22776,73
8573,74
6903,75
27282,76
10547,77
20900,78
21242,79
90,80
329,81
17862,82
19048,83
22412,84
5609,85
26285,86
15017,87
16860,88
2395,89
7104,90
15275,91
13728,92
10811,93
26829,94
800,95
20944,96
10152,97
13322,98
19684,99
3242,100
16541,101
15849,102
14913,103
17836,104
2751,105
11239,106
3989,107
12616,108
1331,109
18215,110
10137,111
898,112
7869,113
10409,114
4112,115
1726,116
27100,117
27149,118
19985,119
3805,120
200,121
21475,122
2520,123
21015,124
2716,125
27227,126
24686,127
3402,128
6417,129
704,130
26942,131
6417,132
20139,133
7658,134
14716,135
16754,136
3539,137
150,138
5484,139
22905,140
5452,141
15937,142
3885,143
20152,144
10965,145
6960,146
9530,147
17890,148
20015,149
3000,150
1241,151
19946,152
4793,153
18934,154
21247,155
15636,156
23578,157
24394,158
13563,159
297,160
12989,161
20593,162
10013,163
22466,164
3596,165
6379,166
18168,167
8204,168
6138,169
3689,170
24629,171
3908,172
19431,173
16844,174
19546,175
3570,176
11819,177
16176,178
15085,179
23826,180
22965,181
13616,182
4400,183
26632,184
25656,185
8182,186
22240,187
2989,188
19233,189
23935,190
5921,191
18557,192
21961,193
1241,194
18212,195
7404,196
25401,197
19646,198
22382,199
452,200
12381,201
1734,202
21911,203
9454,204
16329,205
10881,206
14763,207
16120,208
24487,209
4056,210
8881,211
18268,212
24091,213
25979,214
20470,215
1584,216
18234,217
18891,218
3528,219
8960,220
9661,221
13800,222
10016,223
1626,224
15408,225
13285,226
25826,227
4948,228
21735,229
17432,230
10340,231
20485,232
1196,233
17681,234
16422,235
7161,236
24524,237
2013,238
24320,239
24273,240
25926,241
22462,242
10074,243
27007,244
6816,245
5431,246
5975,247
7892,248
24399,249
16463,250
89,251
14238,252
18309,253
8519,254
18767,255
18380,256
17227,257
26356,258
27,259
6104,260
8635,261
12780,262
16201,263
5746,264
3034,265
22784,266
9529,267
24765,268
18790,269
14228,270
25594,271
18874,272
25205,273
10916,274
15134,275
7653,276
2555,277
13781,278
21257,279
19714,280
14011,281
18386,282
24897,283
6802,284
8354,285
16967,286
3816,287
14091,288
12897,289
6328,290
3544,291
10342,292
13048,293
10453,294
2914,295
8688,296
14414,297
14274,298
26720,299
25350,300
12979,301
21068,302
5597,303
5938,304
649,305
22443,306
6665,307
11617,308
11338,309
8499,310
14238,311
5176,312
11478,313
22905,314
16925,315
13559,316
20568,317
17088,318
27754,319
13243,320
15221,321
19500,322
26221,323
10310,324
10839,325
18147,326
24845,327
18993,328
2840,329
17019,330
27366,331
11970,332
20618,333
21149,334
7167,335
4396,336
10759,337
11472,338
24799,339
19362,340
12812,341
10342,342
433,343
16228,344
6832,345
243,346
18544,347
27703,348
12268,349
20982,350
1824,351
23438,352
25790,353
10073,354
18178,355
11304,356
10778,357
9049,358
8073,359
15193,360
2083,361
8711,362
16086,363
198,364
22461,365
9403,366
15273,367
22988,368
6223,369
17965,370
23086,371
5059,372
11993,373
27673,374
27455,375
7386,376
12773,377
2014,378
26196,379
26448,380
9074,381
7913,382
6696,383
1851,384
3404,385
1657,386
13330,387
2078,388
6451,389
2565,390
10339,391
23243,392
19776,393
18844,394
22024,395
25432,396
24406,397
10885,398
17106,399
16295,400
10361,401
24831,402
9399,403
8192,404
8559,405
15540,406
7448,407
22908,408
17455,409
27319,410
14868,411
23519,412
13383,413
3302,414
8456,415
23298,416
6281,417
27681,418
9614,419
16019,420
18539,421
12969,422
15241,423
15206,424
7572,425
12196,426
1666,427
18116,428
11149,429
10307,430
13512,431
14569,432
646,433
16936,434
26949,435
17474,436
888,437
8539,438
1364,439
1637,440
27628,441
7026,442
25115,443
17367,444
3190,445
25645,446
26451,447
10341,448
7542,449
13128,450
22997,451
4640,452
5016,453
5011,454
11445,455
9538,456
5088,457
1709,458
26666,459
19594,460
17999,461
27555,462
9571,463
10257,464
19632,465
19249,466
3231,467
744,468
24870,469
10383,470
9685,471
5884,472
7518,473
17447,474
6791,475
1949,476
21299,477
12565,478
2214,479
26481,480
23516,481
24714,482
9407,483
23882,484
753,485
23301,486
23233,487
11478,488
12741,489
1484,490
5923,491
15628,492
15015,493
5516,494
12123,495
18301,496
14768,497
2918,498
23004,499
25232,500
5015,501
1639,502
20353,503
12365,504
19294,505
460,506
3396,507
12265,508
21215,509
4079,510
9012,511
20166,512
26545,513
27503,514
16064,515
10281,516
13816,517
22789,518
8972,519
16015,520
10569,521
14535,522
26336,523
27116,524
20541,525
10717,526
6442,527
4380,528
18842,529
20745,530
24296,531
23302,532
1802,533
10027,534
8033,535
15961,536
9011,537
18892,538
9711,539
10014,540
25868,541
26950,542
23454,543
20661,544
3775,545
9947,546
6093,547
8987,548
12128,549
12058,550
16791,551
17793,552
11801,553
27495,554
5371,555
13124,556
27041,557
23835,558
23286,559
14729,560
3698,561
15934,562
1877,563
10034,564
21084,565
20841,566
23751,567
1395,568
16595,569
18353,570
3211,571
26452,572
15215,573
13790,574
9911,575
7189,576
22899,577
4668,578
23752,579
19440,580
513,581
8923,582
13538,583
171,584
12166,585
12270,586
17910,587
3325,588
17314,589
15207,590
18242,591
7051,592
18970,593
27082,594
23029,595
1904,596
25087,597
5545,598
13421,599
5278,600
3493,601
13101,602
10241,603
6334,604
15446,605
7184,606
11893,607
7477,608
26784,609
4950,610
5147,611
14844,612
21260,613
2990,614
26545,615
14651,616
1754,617
18068,618
18335,619
14924,620
15463,621
27304,622
8291,623
22047,624
4088,625
10833,626
26,627
25820,628
5967,629
12923,630
4806,631
18271,632
20951,633
812,634
12308,635
20289,636
492,637
9279,638
118,639
8601,640
24341,641
27227,642
12975,643
24200,644
22617,645
8577,646
14304,647
16996,648
11643,649
20120,650
14444,651
4358,652
5785,653
13891,654
20675,655
430,656
24336,657
5156,658
25676,659
23894,660
10713,661
16941,662
23360,663
5430,664
23758,665
23319,666
26159,667
11445,668
22940,669
5162,670
5596,671
13830,672
10286,673
13679,674
5525,675
26646,676
12297,677
13367,678
22130,679
16177,680
640,681
25608,682
25882,683
20578,684
25445,685
19818,686
20911,687
23969,688
13343,689
21517,690
20667,691
15421,692
6164,693
21801,694
15035,695
16906,696
24625,697
11861,698
23971,699
21704,700
18221,701
21005,702
9411,703
22984,704
3071,705
19839,706
1910,707
19588,708
23285,709
17426,710
11126,711
7818,712
27027,713
19715,714
21711,715
3810,716
13856,717
6281,718
14589,719
7367,720
23043,721
27419,722
27410,723
15545,724
1227,725
7121,726
26285,727
27551,728
5248,729
759,730
27338,731
7880,732
5034,733
22307,734
6289,735
19761,736
6353,737
19870,738
4001,739
10365,740
3191,741
23566,742
27756,743
25810,744
10177,745
2030,746
3965,747
8355,748
2675,749
16710,750
17102,751
8833,752
7876,753
19308,754
10312,755
16501,756
9219,757
19089,758
1735,759
5911,760
1169,761
14377,762
13556,763
26267,764
14667,765
13750,766
19504,767
21614,768
5223,769
24664,770
8727,771
14864,772
16408,773
6847,774
18898,775
6247,776
27431,777
2117,778
14739,779
15255,780
6888,781
15930,782
2508,783
19273,784
5229,785
19020,786
24490,787
3607,788
17151,789
18319,790
5902,791
17990,792
26746,793
16638,794
23511,795
7069,796
27265,797
6961,798
11513,799
25362,800
24989,801
12236,802
27325,803
7474,804
8333,805
2265,806
15328,807
19783,808
6197,809
18600,810
11193,811
2154,812
6263,813
14342,814
26189,815
8706,816
16962,817
21561,818
2145,819
6016,820
17581,821
12714,822
6961,823
4279,824
7081,825
6526,826
26256,827
8483,828
26272,829
23041,830
23996,831
15365,832
2281,833
4120,834
325,835
17021,836
21436,837
4734,838
16285,839
10436,840
6922,841
20824,842
25578,843
20124,844
17173,845
4406,846
20785,847
7421,848
9112,849
5453,850
18597,851
15387,852
19614,853
2648,854
1143,855
8643,856
22759,857
9315,858
12997,859
5029,860
4217,861
18621,862
18967,863
6453,864
24574,865
9667,866
25341,867
7209,868
1185,869
15067,870
20018,871
14042,872
12511,873
13074,874
26335,875
27181,876
4535,877
15304,878
16174,879
27260,880
1959,881
5643,882
9142,883
22733,884
11234,885
16504,886
5045,887
24873,888
5420,889
19142,890
14606,891
16508,892
3255,893
13514,894
4915,895
10394,896
20549,897
5112,898
7900,899
14265,900
26018,901
9474,902
5679,903
22186,904
2761,905
22328,906
8608,907
6811,908
23149,909
7715,910
4918,911
17656,912
217,913
26529,914
21184,915
6615,916
12018,917
14145,918
27096,919
17021,920
24214,921
4134,922
14860,923
21462,924
23630,925
2877,926
3044,927
9304,928
13526,929
3010,930
14361,931
13476,932
15949,933
27249,934
5575,935
19922,936
7930,937
9544,938
8277,939
10032,940
4508,941
25802,942
9310,943
23260,944
13585,945
17547,946
609,947
11691,948
21562,949
19776,950
18157,951
2307,952
23079,953
1910,954
9669,955
16611,956
22507,957
15338,958
20478,959
19440,960
20366,961
17392,962
20064,963
15124,964
4247,965
15144,966
17545,967
2629,968
2432,969
10344,970
11726,971
9770,972
23263,973
22470,974
16340,975
14858,976
841,977
22548,978
2207,979
11783,980
2678,981
11512,982
23730,983
1937,984
9872,985
27395,986
17635,987
27637,988
3173,989
11258,990
2599,991
22898,992
12941,993
8076,994
25898,995
539,996
26783,997
12376,998
7702,999
27641,1000
122,1001
4597,1002
11592,1003
12428,1004
14523,1005
25254,1006
3027,1007
5284,1008
15522,1009
2451,1010
17753,1011
2333,1012
10564,1013
12532,1014
9429,1015
26689,1016
2196,1017
15389,1018
14152,1019
15690,1020
27775,1021
10379,1022
14796,1023
17504,1024
25581,1025
26566,1026
14996,1027
4131,1028
18327,1029
8905,1030
3542,1031
22556,1032
17499,1033
15394,1034
13851,1035
9588,1036
26411,1037
3287,1038
24319,1039
5463,1040
24887,1041
26332,1042
5693,1043
16400,1044
23065,1045
22353,1046
27087,1047
13831,1048
7986,1049
20336,1050
11481,1051
13296,1052
14555,1053
3981,1054
14065,1055
18030,1056
19225,1057
7422,1058
27594,1059
7732,1060
21663,1061
5312,1062
27176,1063
17598,1064
16060,1065
20333,1066
24051,1067
20066,1068
6883,1069
19287,1070
2078,1071
15205,1072
13891,1073
24560,1074
11188,1075
8577,1076
327,1077
10664,1078
26330,1079
21246,1080
13046,1081
5965,1082
6753,1083
16960,1084
14746,1085
13020,1086
16857,1087
8760,1088
2770,1089
11486,1090
20401,1091
8728,1092
14373,1093
24009,1094
7701,1095
23454,1096
18438,1097
8788,1098
12689,1099
27704,1100
14575,1101
27010,1102
21523,1103
20951,1104
12692,1105
21592,1106
15057,1107
23910,1108
7023,1109
1534,1110
6780,1111
11422,1112
3336,1113
3354,1114
20334,1115
25756,1116
23713,1117
14183,1118
23607,1119
14223,1120
22345,1121
3352,1122
10980,1123
11723,1124
20628,1125
16188,1126
6390,1127
27276,1128
9042,1129
18328,1130
26573,1131
9529,1132
19519,1133
9329,1134
22891,1135
467,1136
19885,1137
14242,1138
12117,1139
12309,1140
7853,1141
25535,1142
10366,1143
3871,1144
22033,1145
25691,1146
2118,1147
3442,1148
21493,1149
11933,1150
5845,1151
10046,1152
18511,1153
25066,1154
6628,1155
27151,1156
7491,1157
25963,1158
3938,1159
23451,1160
8492,1161
11237,1162
1267,1163
26476,1164
16679,1165
12046,1166
563,1167
17918,1168
16108,1169
23734,1170
13056,1171
11369,1172
3665,1173
23215,1174
9373,1175
12041,1176
11078,1177
17795,1178
22828,1179
14370,1180
20288,1181
6277,1182
11464,1183
7597,1184
24074,1185
15314,1186
23630,1187
21234,1188
10611,1189
27802,1190
527,1191
23512,1192
15966,1193
8260,1194
25382,1195
15193,1196
7399,1197
17807,1198
14491,1199
20014,1200
12404,1201
15679,1202
25453,1203
2484,1204
7699,1205
5764,1206
23877,1207
15005,1208
21163,1209
7229,1210
27377,1211
4869,1212
7687,1213
23093,1214
26705,1215
6543,1216
7382,1217
24832,1218
2240,1219
11915,1220
16616,1221
21154,1222
11617,1223
17386,1224
14119,1225
6830,1226
90,1227
3896,1228
15618,1229
21626,1230
13945,1231
597,1232
22113,1233
21643,1234
13941,1235
24161,1236
971,1237
192,1238
23696,1239
19500,1240
11579,1241
12114,1242
12260,1243
8661,1244
8061,1245
12386,1246
11908,1247
9977,1248
628,1249
21682,1250
6668,1251
4913,1252
19298,1253
20814,1254
15076,1255
25017,1256
8749,1257
17491,1258
738,1259
1492,1260
27614,1261
2122,1262
1874,1263
5338,1264
11918,1265
17420,1266
6357,1267
14226,1268
5833,1269
1454,1270
4122,1271
17708,1272
18486,1273
11500,1274
15268,1275
25568,1276
11878,1277
3745,1278
27654,1279
18689,1280
12655,1281
9349,1282
14939,1283
20141,1284
27137,1285
26428,1286
16483,1287
15907,1288
19816,1289
23842,1290
5871,1291
4888,1292
22115,1293
10941,1294
11582,1295
4352,1296
26668,1297
2884,1298
12191,1299
20460,1300
27459,1301
14951,1302
12994,1303
7590,1304
24279,1305
6113,1306
925,1307
18388,1308
23202,1309
18502,1310
6363,1311
4579,1312
4331,1313
12756,1314
21560,1315
13858,1316
22154,1317
26754,1318
10170,1319
2445,1320
23790,1321
5047,1322
22502,1323
13246,1324
7369,1325
18876,1326
6936,1327
22027,1328
15294,1329
5390,1330
3613,1331
1097,1332
2274,1333
22555,1334
17885,1335
20179,1336
730,1337
2629,1338
3123,1339
141,1340
2906,1341
16639,1342
3556,1343
2250,1344
9899,1345
15615,1346
8109,1347
2408,1348
9152,1349
10879,1350
2808,1351
1160,1352
14177,1353
20909,1354
23679,1355
21381,1356
9548,1357
19181,1358
11974,1359
23547,1360
25156,1361
6702,1362
14661,1363
21555,1364
3596,1365
11205,1366
2691,1367
14790,1368
14707,1369
4909,1370
24468,1371
17043,1372
13490,1373
17497,1374
11169,1375
12911,1376
15027,1377
15965,1378
4205,1379
26077,1380
16279,1381
14188,1382
16160,1383
920,1384
13389,1385
25841,1386
4234,1387
20119,1388
12490,1389
26627,1390
25013,1391
3002,1392
14046,1393
15895,1394
24942,1395
13228,1396
9332,1397
8452,1398
15558,1399
3633,1400
7160,1401
12173,1402
25986,1403
27211,1404
9370,1405
4973,1406
265,1407
26449,1408
8649,1409
5229,1410
16380,1411
8684,1412
19134,1413
4458,1414
13349,1415
21503,1416
8139,1417
23447,1418
15677,1419
3599,1420
15622,1421
86,1422
23133,1423
22851,1424
2829,1425
10196,1426
17120,1427
11923,1428
10295,1429
13730,1430
1315,1431
16537,1432
23961,1433
24137,1434
7198,1435
8758,1436
23397,1437
6515,1438
26312,1439
22656,1440
13942,1441
9844,1442
19535,1443
13395,1444
10852,1445
25144,1446
26733,1447
12292,1448
3021,1449
5623,1450
13397,1451
11336,1452
15411,1453
22312,1454
1414,1455
10067,1456
12578,1457
21788,1458
13543,1459
13974,1460
14252,1461
19999,1462
2328,1463
17017,1464
8799,1465
25290,1466
9736,1467
19240,1468
26659,1469
12232,1470
7744,1471
7205,1472
15041,1473
812,1474
10944,1475
4989,1476
23530,1477
11956,1478
14663,1479
8158,1480
25422,1481
9820,1482
16685,1483
10397,1484
21580,1485
13988,1486
19125,1487
4142,1488
8664,1489
9129,1490
8603,1491
6135,1492
1305,1493
14533,1494
4842,1495
19936,1496
20114,1497
3925,1498
16681,1499
11790,1500
17688,1501
12171,1502
11968,1503
26775,1504
1925,1505
4841,1506
15605,1507
8360,1508
17573,1509
5666,1510
3258,1511
14249,1512
26166,1513
16432,1514
25449,1515
6978,1516
24652,1517
10830,1518
2610,1519
22755,1520
18632,1521
13282,1522
19270,1523
2433,1524
25264,1525
14464,1526
14710,1527
21470,1528
10091,1529
5940,1530
25688,1531
19690,1532
7385,1533
12751,1534
20028,1535
24294,1536
22253,1537
27794,1538
15125,1539
23712,1540
436,1541
10391,1542
12678,1543
8953,1544
9556,1545
19962,1546
27305,1547
25906,1548
26069,1549
2754,1550
24,1551
17806,1552
6776,1553
15320,1554
3550,1555
4543,1556
16093,1557
25863,1558
1047,1559
19450,1560
27689,1561
929,1562
17839,1563
14212,1564
10901,1565
4526,1566
4066,1567
6995,1568
17705,1569
12905,1570
22580,1571
4320,1572
13296,1573
25660,1574
18159,1575
9415,1576
3528,1577
23734,1578
11610,1579
13665,1580
19643,1581
2440,1582
25928,1583
5241,1584
5918,1585
23149,1586
8337,1587
24741,1588
6411,1589
9763,1590
13674,1591
12842,1592
11538,1593
5501,1594
16870,1595
19678,1596
18665,1597
20326,1598
11755,1599
26782,1600
948,1601
577,1602
25305,1603
8079,1604
13447,1605
2019,1606
1419,1607
4985,1608
8961,1609
13736,1610
18264,1611
26447,1612
7769,1613
9624,1614
24061,1615
7191,1616
5889,1617
26232,1618
18356,1619
4573,1620
3453,1621
21985,1622
1645,1623
8189,1624
6875,1625
18889,1626
16316,1627
13010,1628
2169,1629
5703,1630
7412,1631
717,1632
17101,1633
17077,1634
18047,1635
22330,1636
13895,1637
26029,1638
9008,1639
8838,1640
11535,1641
22847,1642
26619,1643
8048,1644
24587,1645
10149,1646
3901,1647
1051,1648
15786,1649
12893,1650
6694,1651
18538,1652
7024,1653
26232,1654
207,1655
5185,1656
142,1657
21133,1658
24826,1659
24885,1660
10117,1661
2193,1662
25937,1663
11152,1664
936,1665
25796,1666
15267,1667
18088,1668
7465,1669
11720,1670
22973,1671
5324,1672
556,1673
7359,1674
18178,1675
19630,1676
27065,1677
9772,1678
17334,1679
14553,1680
21972,1681
22365,1682
20096,1683
12025,1684
6590,1685
19999,1686
18838,1687
17019,1688
10803,1689
6022,1690
7218,1691
25383,1692
21280,1693
3865,1694
32,1695
1090,1696
2497,1697
24489,1698
14781,1699
11220,1700
9083,1701
10710,1702
5314,1703
15485,1704
22527,1705
8526,1706
18440,1707
3715,1708
15484,1709
19306,1710
3255,1711
5333,1712
8629,1713
9164,1714
20951,1715
18899,1716
13133,1717
610,1718
19663,1719
14243,1720
23262,1721
20976,1722
27116,1723
11239,1724
26744,1725
15451,1726
11459,1727
4799,1728
2591,1729
10432,1730
23962,1731
19355,1732
21584,1733
980,1734
4992,1735
2702,1736
19230,1737
15183,1738
6669,1739
40,1740
21843,1741
18921,1742
591,1743
25512,1744
13071,1745
20261,1746
14292,1747
24560,1748
14532,1749
21614,1750
14042,1751
14629,1752
9158,1753
19253,1754
7260,1755
16618,1756
7889,1757
6218,1758
20936,1759
23917,1760
13284,1761
8151,1762
9479,1763
25733,1764
8478,1765
16260,1766
21648,1767
7728,1768
6424,1769
165,1770
27248,1771
6877,1772
21795,1773
12796,1774
6801,1775
3953,1776
21170,1777
17744,1778
14916,1779
2797,1780
21323,1781
5879,1782
27077,1783
13136,1784
12223,1785
24961,1786
25083,1787
19629,1788
4737,1789
9810,1790
22074,1791
21712,1792
18514,1793
20677,1794
20819,1795
5637,1796
12696,1797
4312,1798
15293,1799
12618,1800
9251,1801
19282,1802
2132,1803
16145,1804
20379,1805
7321,1806
10164,1807
8154,1808
8774,1809
14286,1810
21449,1811
15192,1812
8180,1813
10543,1814
13461,1815
2249,1816
17642,1817
26967,1818
3500,1819
22613,1820
24413,1821
8599,1822
7626,1823
7729,1824
5075,1825
15565,1826
14903,1827
15368,1828
4229,1829
25833,1830
6373,1831
6254,1832
4582,1833
11382,1834
22938,1835
27665,1836
5662,1837
24046,1838
1205,1839
12604,1840
17867,1841
20931,1842
25169,1843
11625,1844
1376,1845
26205,1846
2729,1847
27075,1848
23009,1849
18786,1850
20391,1851
367,1852
12172,1853
19629,1854
26102,1855
18156,1856
554,1857
1273,1858
21315,1859
10129,1860
12771,1861
15421,1862
15949,1863
1208,1864
9354,1865
22457,1866
10466,1867
14756,1868
20562,1869
8362,1870
18892,1871
7747,1872
17244,1873
1827,1874
25788,1875
27001,1876
6366,1877
5514,1878
1202,1879
24944,1880
5005,1881
17621,1882
13293,1883
22141,1884
24020,1885
20675,1886
22890,1887
19724,1888
6988,1889
27089,1890
8623,1891
2517,1892
17074,1893
22184,1894
12826,1895
1944,1896
9014,1897
19606,1898
20693,1899
8006,1900
19180,1901
23194,1902
9131,1903
4681,1904
20388,1905
2745,1906
26370,1907
23460,1908
25737,1909
9947,1910
12107,1911
5628,1912
4260,1913
6923,1914
19369,1915
19123,1916
17000,1917
22280,1918
21999,1919
15199,1920
24898,1921
23155,1922
7904,1923
5533,1924
8073,1925
12411,1926
6666,1927
7775,1928
4148,1929
17823,1930
1612,1931
19158,1932
8133,1933
4747,1934
23887,1935
19004,1936
15653,1937
8495,1938
7400,1939
17594,1940
683,1941
2042,1942
7041,1943
16073,1944
22514,1945
24950,1946
5223,1947
3759,1948
7911,1949
7724,1950
8890,1951
16804,1952
856,1953
8941,1954
20772,1955
10339,1956
3365,1957
12867,1958
9020,1959
22779,1960
8441,1961
19084,1962
1910,1963
27561,1964
205,1965
25710,1966
10172,1967
5994,1968
14632,1969
1930,1970
19026,1971
19973,1972
9704,1973
6079,1974
15605,1975
850,1976
10157,1977
10007,1978
9550,1979
17972,1980
16523,1981
18958,1982
14896,1983
26582,1984
4446,1985
2785,1986
17777,1987
26581,1988
13018,1989
10782,1990
1316,1991
17047,1992
25786,1993
14009,1994
25122,1995
1377,1996
2749,1997
9300,1998
23068,1999
25190,2000
24046,2001
2097,2002
2197,2003
9431,2004
1535,2005
25442,2006
27351,2007
3232,2008
27555,2009
14131,2010
14665,2011
4911,2012
15757,2013
27059,2014
13956,2015
23716,2016
22900,2017
21819,2018
27170,2019
18446,2020
12340,2021
27631,2022
21018,2023
6110,2024
6541,2025
18272,2026
1964,2027
9158,2028
13044,2029
6366,2030
807,2031
22647,2032
24593,2033
25927,2034
6029,2035
25527,2036
7738,2037
22555,2038
11901,2039
11747,2040
24034,2041
6621,2042
19629,2043
21326,2044
26,2045
4265,2046
20942,2047
14410,2048
12930,2049
5414,2050
8177,2051
14494,2052
5008,2053
5219,2054
4482,2055
26091,2056
5374,2057
4745,2058
19864,2059
4702,2060
20608,2061
6750,2062
19509,2063
9415,2064
12361,2065
1255,2066
22845,2067
17703,2068
773,2069
16992,2070
1635,2071
8321,2072
13113,2073
18208,2074
9106,2075
11998,2076
4922,2077
2971,2078
2290,2079
5308,2080
15137,2081
23650,2082
9280,2083
2007,2084
9738,2085
4588,2086
26055,2087
4590,2088
12392,2089
9425,2090
3330,2091
8146,2092
16450,2093
7855,2094
26550,2095
24531,2096
19379,2097
20468,2098
24806,2099
7257,2100
9259,2101
23698,2102
14492,2103
23375,2104
4424,2105
14104,2106
12582,2107
8206,2108
22637,2109
19222,2110
16040,2111
11666,2112
25100,2113
20023,2114
27583,2115
22920,2116
26094,2117
22591,2118
15799,2119
27798,2120
13667,2121
21868,2122
13004,2123
15948,2124
9287,2125
6736,2126
25784,2127
21541,2128
2098,2129
17184,2130
7492,2131
6017,2132
17753,2133
25973,2134
11522,2135
3230,2136
26011,2137
24263,2138
3709,2139
27288,2140
7737,2141
2187,2142
25146,2143
16864,2144
10463,2145
6012,2146
14164,2147
26458,2148
7259,2149
10053,2150
12494,2151
2834,2152
3105,2153
21600,2154
23343,2155
1242,2156
20899,2157
26962,2158
19458,2159
12228,2160
14880,2161
5991,2162
12632,2163
25386,2164
12505,2165
11016,2166
431,2167
18137,2168
14538,2169
2530,2170
1234,2171
6952,2172
1129,2173
9625,2174
23608,2175
22289,2176
18385,2177
12332,2178
25406,2179
6782,2180
6580,2181
8122,2182
6492,2183
22184,2184
1259,2185
21487,2186
13130,2187
4560,2188
5017,2189
13390,2190
12697,2191
22646,2192
1150,2193
23284,2194
18755,2195
8914,2196
6356,2197
12419,2198
7041,2199
4555,2200
18327,2201
26418,2202
10048,2203
24602,2204
10716,2205
8808,2206
2724,2207
20752,2208
11875,2209
19338,2210
19800,2211
8549,2212
25209,2213
13491,2214
11978,2215
12132,2216
25491,2217
6825,2218
7318,2219
9056,2220
23423,2221
11955,2222
24928,2223
502,2224
8599,2225
19428,2226
5622,2227
22083,2228
14979,2229
20590,2230
25893,2231
14887,2232
18059,2233
3322,2234
24800,2235
23105,2236
10228,2237
18085,2238
7699,2239
4660,2240
18956,2241
5607,2242
23178,2243
410,2244
5722,2245
17428,2246
7143,2247
27684,2248
11468,2249
20413,2250
14599,2251
17328,2252
11900,2253
22736,2254
24853,2255
7541,2256
22046,2257
8142,2258
25619,2259
4139,2260
12266,2261
11344,2262
5615,2263
1473,2264
4672,2265
23230,2266
12648,2267
16217,2268
617,2269
5128,2270
6579,2271
8949,2272
10713,2273
3467,2274
22841,2275
5696,2276
27328,2277
23937,2278
20353,2279
26129,2280
19668,2281
4329,2282
27541,2283
23963,2284
25852,2285
26815,2286
11393,2287
1794,2288
25703,2289
370,2290
4038,2291
27394,2292
3886,2293
9250,2294
8071,2295
24613,2296
8617,2297
23228,2298
14198,2299
22892,2300
22796,2301
14585,2302
16376,2303
21932,2304
8742,2305
22447,2306
7665,2307
17617,2308
7528,2309
19267,2310
807,2311
9028,2312
3946,2313
10128,2314
1874,2315
22844,2316
20156,2317
20080,2318
18167,2319
16068,2320
16782,2321
731,2322
19006,2323
7350,2324
24382,2325
18912,2326
12986,2327
22654,2328
24821,2329
15083,2330
1131,2331
8554,2332
10487,2333
24631,2334
13709,2335
14333,2336
4911,2337
7489,2338
15157,2339
4831,2340
22451,2341
3977,2342
2019,2343
4321,2344
4141,2345
26712,2346
9550,2347
21403,2348
25261,2349
26181,2350
13702,2351
9705,2352
26047,2353
10909,2354
4449,2355
3707,2356
2188,2357
18797,2358
7583,2359
6118,2360
230,2361
13908,2362
18844,2363
141,2364
11502,2365
5095,2366
19222,2367
3067,2368
27099,2369
26559,2370
18634,2371
7377,2372
22419,2373
4155,2374
10776,2375
27573,2376
11957,2377
9793,2378
9488,2379
6220,2380
24372,2381
5209,2382
3235,2383
5364,2384
6295,2385
12194,2386
16117,2387
2,2388
20874,2389
17639,2390
27559,2391
8523,2392
22935,2393
1583,2394
2372,2395
13474,2396
26691,2397
10362,2398
22125,2399
10758,2400
17245,2401
20304,2402
15985,2403
17117,2404
27149,2405
6165,2406
5491,2407
22378,2408
10637,2409
1725,2410
14540,2411
26791,2412
4411,2413
19581,2414
26240,2415
10296,2416
5842,2417
10584,2418
4065,2419
23881,2420
3433,2421
6565,2422
10368,2423
16352,2424
17746,2425
8358,2426
16350,2427
15376,2428
22678,2429
1158,2430
22906,2431
4391,2432
22219,2433
3573,2434
14169,2435
4155,2436
22063,2437
9568,2438
21508,2439
2340,2440
21589,2441
8031,2442
15163,2443
8189,2444
13944,2445
17592,2446
21878,2447
191,2448
15292,2449
5427,2450
9164,2451
24056,2452
15233,2453
1589,2454
16940,2455
17200,2456
4838,2457
6757,2458
1421,2459
3962,2460
7159,2461
6958,2462
27387,2463
7766,2464
2355,2465
23620,2466
20660,2467
5824,2468
556,2469
3583,2470
914,2471
5380,2472
18930,2473
19917,2474
21262,2475
15582,2476
5603,2477
13208,2478
7270,2479
21192,2480
15900,2481
20612,2482
5092,2483
4483,2484
17812,2485
9647,2486
15447,2487
27062,2488
3865,2489
7081,2490
293,2491
12476,2492
27735,2493
17289,2494
19920,2495
26246,2496
8413,2497
14046,2498
14040,2499
173,2500
13234,2501
6107,2502
10775,2503
27176,2504
17815,2505
15927,2506
27571,2507
25175,2508
19130,2509
22547,2510
12454,2511
20810,2512
7079,2513
3700,2514
25333,2515
26443,2516
18907,2517
1574,2518
5700,2519
13351,2520
650,2521
20831,2522
1465,2523
8840,2524
10857,2525
19012,2526
26954,2527
6274,2528
4022,2529
17161,2530
4961,2531
8853,2532
1646,2533
26266,2534
23434,2535
17175,2536
2895,2537
26163,2538
13784,2539
7993,2540
9903,2541
7320,2542
22310,2543
19455,2544
13049,2545
10052,2546
19070,2547
22951,2548
6983,2549
3263,2550
11464,2551
19508,2552
4225,2553
3280,2554
12359,2555
24613,2556
24822,2557
12750,2558
20724,2559
24286,2560
934,2561
24020,2562
20636,2563
12317,2564
446,2565
6120,2566
9620,2567
20578,2568
2736,2569
8814,2570
7260,2571
20592,2572
18074,2573
19860,2574
8842,2575
10862,2576
13030,2577
4631,2578
19896,2579
9387,2580
3941,2581
26937,2582
24109,2583
18508,2584
27426,2585
25434,2586
361,2587
12839,2588
21392,2589
8464,2590
24522,2591
9869,2592
6585,2593
16053,2594
12874,2595
10996,2596
12841,2597
19562,2598
10709,2599
21419,2600
4372,2601
11699,2602
13639,2603
24683,2604
10999,2605
21434,2606
26030,2607
8497,2608
17406,2609
4428,2610
15607,2611
23025,2612
13549,2613
9372,2614
8835,2615
23565,2616
18812,2617
8064,2618
7662,2619
18709,2620
1469,2621
170,2622
2483,2623
4192,2624
6424,2625
13639,2626
23306,2627
10015,2628
4204,2629
5479,2630
23287,2631
15041,2632
13830,2633
7083,2634
10031,2635
19556,2636
10666,2637
13371,2638
5763,2639
15499,2640
11812,2641
5385,2642
19592,2643
13899,2644
4638,2645
7329,2646
1253,2647
11149,2648
23986,2649
18793,2650
22790,2651
23508,2652
20873,2653
3223,2654
6568,2655
8295,2656
8794,2657
20416,2658
21905,2659
10851,2660
13871,2661
8362,2662
1895,2663
4099,2664
12380,2665
11514,2666
759,2667
14633,2668
5640,2669
8304,2670
5624,2671
1568,2672
19403,2673
27504,2674
10143,2675
20682,2676
12465,2677
10648,2678
16288,2679
17793,2680
20206,2681
20031,2682
25927,2683
17959,2684
8441,2685
15132,2686
24637,2687
5163,2688
13354,2689
2345,2690
2702,2691
9954,2692
23635,2693
8782,2694
7754,2695
1525,2696
3168,2697
17963,2698
24448,2699
8960,2700
8981,2701
8368,2702
18729,2703
25844,2704
3235,2705
64,2706
15747,2707
19844,2708
24585,2709
12554,2710
19636,2711
21403,2712
8188,2713
13129,2714
13378,2715
26902,2716
8157,2717
11137,2718
2305,2719
16561,2720
14255,2721
12755,2722
3040,2723
4308,2724
19,2725
11075,2726
2959,2727
12632,2728
9170,2729
18330,2730
1230,2731
5469,2732
11889,2733
18149,2734
12964,2735
5247,2736
25845,2737
15266,2738
12683,2739
4210,2740
12704,2741
3489,2742
17401,2743
24156,2744
27448,2745
22664,2746
1184,2747
1903,2748
11153,2749
2343,2750
10790,2751
27790,2752
10269,2753
18472,2754
18549,2755
3955,2756
26932,2757
26746,2758
13111,2759
24167,2760
22503,2761
5107,2762
3985,2763
4378,2764
27725,2765
8980,2766
4978,2767
18094,2768
26509,2769
4913,2770
24226,2771
12856,2772
27093,2773
27514,2774
13655,2775
3326,2776
11762,2777
4243,2778
7875,2779
26675,2780
17100,2781
17392,2782
4607,2783
2814,2784
21870,2785
10964,2786
8503,2787
23652,2788
369,2789
9218,2790
18832,2791
326,2792
16282,2793
7791,2794
8223,2795
3540,2796
3948,2797
1404,2798
2106,2799
2930,2800
22537,2801
7953,2802
4334,2803
1119,2804
19896,2805
23212,2806
2751,2807
8088,2808
13054,2809
9527,2810
16375,2811
1138,2812
19140,2813
7668,2814
3318,2815
17554,2816
4041,2817
13213,2818
19339,2819
25882,2820
25216,2821
17985,2822
21071,2823
24739,2824
19062,2825
25022,2826
10400,2827
5753,2828
19062,2829
15569,2830
6842,2831
20429,2832
11650,2833
95,2834
6367,2835
23432,2836
9060,2837
5212,2838
24204,2839
13024,2840
15139,2841
24520,2842
26276,2843
27580,2844
23575,2845
9705,2846
2163,2847
10862,2848
16283,2849
10112,2850
9269,2851
9830,2852
12638,2853
418,2854
2139,2855
4516,2856
1566,2857
19287,2858
14143,2859
5208,2860
13824,2861
757,2862
472,2863
21742,2864
20345,2865
8420,2866
25068,2867
6013,2868
26767,2869
2418,2870
2069,2871
1020,2872
4687,2873
9467,2874
1831,2875
25200,2876
20889,2877
8685,2878
872,2879
15142,2880
10305,2881
24856,2882
13517,2883
23909,2884
7363,2885
25438,2886
4920,2887
20782,2888
20637,2889
2003,2890
23443,2891
8693,2892
2087,2893
22127,2894
17065,2895
13080,2896
20176,2897
10507,2898
12348,2899
27014,2900
19213,2901
3178,2902
8372,2903
25316,2904
21310,2905
1296,2906
21555,2907
18952,2908
19339,2909
3526,2910
11623,2911
4635,2912
13929,2913
7635,2914
10632,2915
18387,2916
21422,2917
23612,2918
24385,2919
18823,2920
8654,2921
14307,2922
14976,2923
8147,2924
10551,2925
9509,2926
1972,2927
4800,2928
17828,2929
7339,2930
11232,2931
19698,2932
3581,2933
18639,2934
5163,2935
445,2936
19985,2937
587,2938
17673,2939
18244,2940
2082,2941
23309,2942
18336,2943
917,2944
16100,2945
9338,2946
18212,2947
10845,2948
13863,2949
6922,2950
17289,2951
5681,2952
14798,2953
3596,2954
809,2955
15764,2956
25458,2957
13662,2958
10952,2959
23050,2960
13104,2961
19750,2962
18703,2963
10886,2964
9527,2965
14021,2966
10626,2967
633,2968
18461,2969
4501,2970
23038,2971
13816,2972
2469,2973
11627,2974
26337,2975
18508,2976
25670,2977
736,2978
933,2979
8318,2980
16445,2981
17409,2982
2233,2983
4458,2984
8373,2985
12867,2986
14629,2987
22640,2988
1851,2989
24582,2990
26957,2991
17151,2992
19487,2993
8397,2994
22338,2995
4864,2996
27613,2997
13672,2998
21874,2999
9026,3000
1390,3001
18867,3002
7905,3003
9373,3004
19462,3005
23758,3006
7754,3007
17432,3008
25918,3009
4475,3010
7972,3011
19820,3012
16039,3013
27170,3014
27652,3015
15566,3016
22754,3017
15541,3018
21513,3019
19982,3020
18814,3021
19212,3022
6327,3023
24179,3024
8224,3025
23138,3026
16079,3027
13285,3028
20302,3029
18442,3030
319,3031
7547,3032
26029,3033
21606,3034
1719,3035
4565,3036
23417,3037
13686,3038
20694,3039
1763,3040
19433,3041
11580,3042
11524,3043
20197,3044
10804,3045
12129,3046
7719,3047
12736,3048
411,3049
7485,3050
1475,3051
27263,3052
24578,3053
16105,3054
15344,3055
6819,3056
26206,3057
25689,3058
22964,3059
8602,3060
23333,3061
13418,3062
3008,3063
18084,3064
1235,3065
16521,3066
27210,3067
12710,3068
24433,3069
17372,3070
1705,3071
13893,3072
24343,3073
16129,3074
2520,3075
4356,3076
17714,3077
4969,3078
10098,3079
1587,3080
6376,3081
22577,3082
12174,3083
16112,3084
5661,3085
25812,3086
12266,3087
4057,3088
14930,3089
25093,3090
13582,3091
23472,3092
3774,3093
10426,3094
15065,3095
11612,3096
1721,3097
10627,3098
13635,3099
2067,3100
8618,3101
9295,3102
10081,3103
24528,3104
21876,3105
1271,3106
9882,3107
20638,3108
3608,3109
15969,3110
22340,3111
1733,3112
3754,3113
16183,3114
8304,3115
7985,3116
23935,3117
8225,3118
25598,3119
10737,3120
25695,3121
25502,3122
26124,3123
6871,3124
3107,3125
14054,3126
11511,3127
18893,3128
5342,3129
26232,3130
22840,3131
10884,3132
20341,3133
16198,3134
6422,3135
24287,3136
22103,3137
15606,3138
15497,3139
16499,3140
17844,3141
16419,3142
3282,3143
8037,3144
25477,3145
5845,3146
1617,3147
11958,3148
10393,3149
3701,3150
5634,3151
3125,3152
24663,3153
8724,3154
15319,3155
20827,3156
9193,3157
22445,3158
26053,3159
25695,3160
26606,3161
8747,3162
9566,3163
19153,3164
1182,3165
15349,3166
27423,3167
11012,3168
25407,3169
6273,3170
15183,3171
24816,3172
26030,3173
12395,3174
24821,3175
14420,3176
19330,3177
24274,3178
5446,3179
25078,3180
10752,3181
20890,3182
16633,3183
27016,3184
10736,3185
7122,3186
14198,3187
27013,3188
2024,3189
7229,3190
4367,3191
13979,3192
6892,3193
19511,3194
5802,3195
21947,3196
25109,3197
6573,3198
6140,3199
11850,3200
18707,3201
20461,3202
3184,3203
23473,3204
962,3205
14267,3206
3548,3207
16822,3208
5804,3209
23690,3210
13988,3211
11860,3212
20934,3213
14931,3214
18849,3215
14746,3216
1352,3217
16648,3218
24739,3219
13962,3220
6434,3221
11628,3222
25812,3223
10046,3224
17486,3225
18477,3226
6218,3227
26304,3228
12308,3229
7833,3230
16300,3231
1055,3232
6439,3233
24584,3234
19226,3235
24343,3236
20522,3237
13152,3238
23261,3239
23117,3240
20443,3241
9554,3242
16341,3243
1965,3244
24122,3245
11627,3246
18992,3247
26241,3248
25237,3249
230,3250
26694,3251
20019,3252
12724,3253
5266,3254
3782,3255
606,3256
24664,3257
15319,3258
27394,3259
27244,3260
6066,3261
2136,3262
23049,3263
19386,3264
20691,3265
8479,3266
7885,3267
2394,3268
11036,3269
19941,3270
24886,3271
14360,3272
7538,3273
14419,3274
17494,3275
179,3276
6980,3277
16125,3278
5195,3279
24310,3280
10883,3281
9347,3282
21172,3283
24202,3284
15466,3285
23985,3286
4744,3287
22625,3288
23214,3289
5056,3290
7151,3291
18554,3292
11727,3293
2628,3294
2132,3295
22396,3296
27050,3297
13124,3298
18582,3299
26375,3300
25907,3301
40,3302
3867,3303
24215,3304
26635,3305
23121,3306
10658,3307
14575,3308
10617,3309
11968,3310
157,3311
18380,3312
15646,3313
6681,3314
25561,3315
10860,3316
3649,3317
10748,3318
18105,3319
9883,3320
10064,3321
21842,3322
16715,3323
10516,3324
9420,3325
13409,3326
10416,3327
13730,3328
4254,3329
26289,3330
23238,3331
7181,3332
2882,3333
9720,3334
19856,3335
2883,3336
21098,3337
16140,3338
12159,3339
8207,3340
21670,3341
22704,3342
10007,3343
20527,3344
16904,3345
1592,3346
19789,3347
13469,3348
13378,3349
24970,3350
11089,3351
7950,3352
20485,3353
5067,3354
7119,3355
26790,3356
1558,3357
25103,3358
13103,3359
18547,3360
2977,3361
24160,3362
18945,3363
9288,3364
974,3365
5730,3366
18718,3367
21660,3368
10714,3369
19924,3370
19864,3371
24583,3372
9373,3373
13617,3374
7932,3375
8467,3376
16031,3377
25706,3378
10760,3379
26358,3380
20706,3381
13911,3382
18374,3383
6834,3384
4399,3385
6083,3386
7458,3387
24815,3388
11667,3389
17388,3390
23768,3391
8268,3392
16926,3393
19921,3394
26364,3395
13013,3396
27245,3397
23352,3398
22966,3399
11732,3400
13191,3401
25121,3402
6367,3403
14240,3404
25185,3405
22858,3406
8173,3407
6723,3408
10291,3409
4228,3410
20329,3411
6798,3412
8235,3413
8097,3414
16233,3415
3033,3416
15509,3417
12601,3418
24227,3419
17824,3420
6753,3421
24084,3422
1088,3423
26931,3424
27732,3425
8058,3426
11661,3427
17402,3428
9569,3429
27733,3430
23274,3431
10446,3432
412,3433
22999,3434
2539,3435
1925,3436
3504,3437
21459,3438
7943,3439
7900,3440
27299,3441
23497,3442
24607,3443
23073,3444
10875,3445
17843,3446
26071,3447
12917,3448
18098,3449
2478,3450
3223,3451
9150,3452
21260,3453
10549,3454
2784,3455
18621,3456
1171,3457
26843,3458
10023,3459
11043,3460
26603,3461
22416,3462
15984,3463
25234,3464
672,3465
20998,3466
21203,3467
10486,3468
14227,3469
2754,3470
19710,3471
12141,3472
27400,3473
21561,3474
11450,3475
20220,3476
1715,3477
20135,3478
2472,3479
9651,3480
6641,3481
4464,3482
20850,3483
16913,3484
9924,3485
8284,3486
12835,3487
23338,3488
1566,3489
5318,3490
5888,3491
5433,3492
16393,3493
25800,3494
19748,3495
15718,3496
13222,3497
9635,3498
15555,3499
19514,3500
21761,3501
23141,3502
27019,3503
17926,3504
7641,3505
14020,3506
17088,3507
9814,3508
7290,3509
8074,3510
6248,3511
6097,3512
21151,3513
26869,3514
9669,3515
22235,3516
13437,3517
6235,3518
25899,3519
18330,3520
7277,3521
6517,3522
14758,3523
19697,3524
20248,3525
26744,3526
15705,3527
21803,3528
13183,3529
19770,3530
11383,3531
14359,3532
12454,3533
27339,3534
2877,3535
19813,3536
1476,3537
20951,3538
2874,3539
16441,3540
7359,3541
19476,3542
22972,3543
5637,3544
2632,3545
20983,3546
19211,3547
7829,3548
25205,3549
15884,3550
27470,3551
16640,3552
11193,3553
4935,3554
5130,3555
16631,3556
16473,3557
2729,3558
5841,3559
20648,3560
19027,3561
19991,3562
23782,3563
14286,3564
17759,3565
14277,3566
18503,3567
13139,3568
1998,3569
793,3570
17040,3571
3329,3572
8460,3573
5576,3574
10900,3575
15562,3576
16971,3577
18290,3578
11051,3579
3533,3580
4080,3581
4252,3582
8779,3583
5763,3584
16963,3585
4627,3586
22022,3587
12550,3588
11309,3589
593,3590
22677,3591
13048,3592
171,3593
15590,3594
8629,3595
24167,3596
5316,3597
15288,3598
25363,3599
5667,3600
3351,3601
13619,3602
1931,3603
27366,3604
13205,3605
12557,3606
11467,3607
11793,3608
13070,3609
24371,3610
22299,3611
27577,3612
5275,3613
706,3614
16461,3615
4477,3616
14364,3617
25215,3618
11582,3619
27236,3620
25603,3621
1760,3622
6891,3623
5538,3624
13967,3625
15461,3626
15654,3627
20937,3628
27245,3629
23644,3630
5630,3631
8382,3632
21283,3633
2089,3634
25274,3635
11795,3636
24320,3637
8549,3638
16472,3639
21792,3640
5028,3641
3189,3642
2375,3643
6994,3644
12354,3645
16061,3646
14531,3647
15411,3648
17238,3649
11445,3650
14130,3651
13041,3652
5003,3653
16873,3654
25552,3655
27257,3656
15978,3657
5955,3658
14786,3659
2599,3660
13907,3661
14460,3662
18374,3663
5431,3664
9435,3665
24237,3666
17899,3667
26364,3668
35,3669
23445,3670
9056,3671
19764,3672
11014,3673
7343,3674
18218,3675
10850,3676
26441,3677
24250,3678
3565,3679
12357,3680
24957,3681
27744,3682
2669,3683
13387,3684
15175,3685
20547,3686
24609,3687
14729,3688
10874,3689
15095,3690
7515,3691
16389,3692
19517,3693
27159,3694
2449,3695
14433,3696
5016,3697
20521,3698
18913,3699
18306,3700
11060,3701
17616,3702
11626,3703
23470,3704
26903,3705
9412,3706
21543,3707
17718,3708
23337,3709
6562,3710
7799,3711
17963,3712
18649,3713
14836,3714
6413,3715
22350,3716
26877,3717
4286,3718
5425,3719
9470,3720
15637,3721
16914,3722
6170,3723
27051,3724
1999,3725
4643,3726
3424,3727
14710,3728
3384,3729
4901,3730
10739,3731
22980,3732
15235,3733
7816,3734
1708,3735
3336,3736
6857,3737
18316,3738
12338,3739
23781,3740
1019,3741
2827,3742
13570,3743
21534,3744
19992,3745
26011,3746
18810,3747
18034,3748
13847,3749
8556,3750
13613,3751
1059,3752
1912,3753
9576,3754
20156,3755
14504,3756
26893,3757
882,3758
18173,3759
21499,3760
6405,3761
12629,3762
11357,3763
19975,3764
601,3765
5414,3766
1581,3767
20971,3768
17700,3769
7976,3770
14671,3771
18855,3772
6273,3773
2713,3774
25937,3775
15016,3776
17916,3777
25453,3778
23753,3779
2892,3780
2033,3781
22777,3782
23604,3783
27421,3784
12148,3785
17035,3786
21329,3787
22865,3788
5503,3789
6178,3790
13266,3791
279,3792
22153,3793
27169,3794
6664,3795
18623,3796
24208,3797
17179,3798
8028,3799
13151,3800
10957,3801
19772,3802
3832,3803
24975,3804
1451,3805
10822,3806
21021,3807
8113,3808
13498,3809
27184,3810
925,3811
23198,3812
14559,3813
3485,3814
24806,3815
3998,3816
4627,3817
14223,3818
27551,3819
21764,3820
23928,3821
1828,3822
5908,3823
10503,3824
15954,3825
25305,3826
1010,3827
11427,3828
7614,3829
25211,3830
12460,3831
27657,3832
18936,3833
21691,3834
7270,3835
2905,3836
16236,3837
7501,3838
16525,3839
22568,3840
16180,3841
18522,3842
21516,3843
830,3844
23624,3845
10679,3846
3497,3847
4771,3848
11312,3849
26028,3850
26359,3851
24877,3852
11694,3853
21736,3854
12815,3855
22602,3856
7407,3857
1389,3858
19066,3859
17860,3860
12039,3861
1633,3862
181,3863
21165,3864
24085,3865
24683,3866
17829,3867
15845,3868
490,3869
29,3870
10179,3871
9956,3872
19145,3873
1702,3874
17227,3875
16886,3876
20595,3877
17435,3878
15078,3879
21913,3880
24588,3881
10775,3882
16810,3883
20764,3884
1274,3885
26334,3886
6029,3887
20003,3888
7519,3889
26348,3890
3432,3891
23898,3892
19964,3893
13652,3894
12218,3895
25565,3896
2146,3897
11328,3898
25170,3899
10820,3900
17733,3901
25144,3902
8546,3903
26701,3904
9443,3905
14654,3906
1111,3907
18348,3908
9624,3909
4547,3910
13028,3911
10464,3912
2172,3913
913,3914
2665,3915
21879,3916
5262,3917
5906,3918
14720,3919
24684,3920
18410,3921
7772,3922
25051,3923
11908,3924
1741,3925
1898,3926
19462,3927
15366,3928
54,3929
10483,3930
26336,3931
24096,3932
670,3933
19488,3934
7174,3935
26752,3936
12881,3937
19695,3938
17315,3939
4380,3940
8215,3941
6494,3942
18485,3943
23364,3944
18017,3945
396,3946
20331,3947
9315,3948
11735,3949
7444,3950
11493,3951
18451,3952
12160,3953
13083,3954
74,3955
25310,3956
16959,3957
10608,3958
26206,3959
4504,3960
26160,3961
12042,3962
15452,3963
4272,3964
14181,3965
2872,3966
5505,3967
22685,3968
6822,3969
21623,3970
14346,3971
24946,3972
26946,3973
25334,3974
18717,3975
19773,3976
3062,3977
246,3978
6919,3979
23524,3980
14365,3981
1618,3982
287,3983
10200,3984
23,3985
15718,3986
25401,3987
17732,3988
16894,3989
7679,3990
13804,3991
11066,3992
3002,3993
27686,3994
8200,3995
3799,3996
24752,3997
18239,3998
928,3999
3513,4000
6791,4001
25929,4002
3355,4003
19539,4004
516,4005
7164,4006
11568,4007
14011,4008
21264,4009
1063,4010
8922,4011
11738,4012
21678,4013
6953,4014
27801,4015
26714,4016
25176,4017
9752,4018
26036,4019
14984,4020
15398,4021
17532,4022
2493,4023
1162,4024
5100,4025
19542,4026
17620,4027
15974,4028
10537,4029
22963,4030
17585,4031
26272,4032
20982,4033
3955,4034
927,4035
24344,4036
3819,4037
20167,4038
1255,4039
9007,4040
24250,4041
14681,4042
8568,4043
16013,4044
17654,4045
26314,4046
7243,4047
26988,4048
23393,4049
20242,4050
21109,4051
5927,4052
16472,4053
10674,4054
8959,4055
6586,4056
3188,4057
2640,4058
9062,4059
13524,4060
22746,4061
9550,4062
3112,4063
8702,4064
11733,4065
4038,4066
6616,4067
24869,4068
2257,4069
22528,4070
1109,4071
20107,4072
2219,4073
17162,4074
7369,4075
6745,4076
12697,4077
18152,4078
21722,4079
18151,4080
24340,4081
9299,4082
7581,4083
7128,4084
4410,4085
22663,4086
10844,4087
26979,4088
4684,4089
15287,4090
1119,4091
21951,4092
3744,4093
22071,4094
10375,4095
1574,4096
