22317,1
5499,2
16676,3
19095,4
16707,5
22409,6
17692,7
16000,8
17602,9
5848,10
15799,11
9565,12
12289,13
13166,14
12878,15
26897,16
19111,17
17597,18
3287,19
24695,20
24547,21
19406,22
2146,23
24236,24
14474,25
4561,26
4441,27
842,28
18328,29
9766,30
18367,31
1027,32
24473,33
606,34
4336,35
21337,36
13775,37
7870,38
8008,39
20692,40
819,41
20527,42
27509,43
21955,44
8094,45
5967,46
9930,47
6596,48
22298,49
4616,50
21936,51
25055,52
26516,53
733,54
1457,55
21010,56
828,57
10335,58
18817,59
26184,60
4079,61
20537,62
11833,63
7789,64
6739,65
9507,66
17793,67
26373,68
13198,69
20489,70
25685,71
9926,72
21637,73
18852,74
27407,75
15153,76
24216,77
1183,78
12454,79
17016,80
19611,81
19609,82
2390,83
22145,84
5877,85
18892,86
7597,87
22772,88
5422,89
18682,90
10267,91
550,92
11728,93
12155,94
11507,95
17674,96
6743,97
26823,98
21302,99
7957,100
16635,101
16179,102
7328,103
10282,104
24465,105
14328,106
1825,107
16798,108
25335,109
8783,110
16542,111
10831,112
7660,113
22945,114
24753,115
626,116
8654,117
997,118
6909,119
1127,120
10141,121
7866,122
6806,123
3915,124
8571,125
19220,126
2626,127
5112,128
25187,129
19490,130
23595,131
21268,132
9472,133
22053,134
2735,135
19944,136
2953,137
6873,138
19623,139
19391,140
14094,141
24330,142
15944,143
19289,144
5937,145
5486,146
17297,147
25029,148
18830,149
12662,150
26444,151
25027,152
19894,153
5089,154
17378,155
14387,156
7108,157
22346,158
18122,159
258,160
1221,161
23999,162
13719,163
13844,164
3105,165
1658,166
24713,167
18615,168
25767,169
5333,170
23781,171
22361,172
12554,173
14120,174
13507,175
3980,176
21761,177
19788,178
15539,179
12443,180
18006,181
1588,182
1145,183
9998,184
22346,185
15156,186
7662,187
23256,188
8256,189
6298,190
591,191
13746,192
17208,193
332,194
15043,195
4929,196
753,197
5219,198
17057,199
12188,200
19046,201
1329,202
19224,203
25460,204
22792,205
18511,206
11744,207
21413,208
22171,209
23608,210
11182,211
12667,212
24206,213
20796,214
9472,215
2638,216
10208,217
11705,218
21863,219
17972,220
7137,221
25077,222
4897,223
24010,224
9946,225
26525,226
7189,227
21525,228
25829,229
20971,230
24132,231
943,232
725,233
5672,234
17346,235
1315,236
22255,237
11937,238
10372,239
5270,240
23999,241
8432,242
2650,243
22612,244
26407,245
13915,246
15459,247
27166,248
10488,249
18805,250
5579,251
27680,252
5812,253
23712,254
18436,255
27165,256
17140,257
27475,258
21753,259
13595,260
18243,261
275,262
5925,263
10316,264
15934,265
8311,266
15291,267
13954,268
21685,269
20137,270
10783,271
502,272
24057,273
23714,274
24767,275
2293,276
9439,277
24522,278
7012,279
22344,280
9459,281
4864,282
24914,283
8874,284
5164,285
666,286
10797,287
10423,288
13747,289
11209,290
22527,291
26458,292
15710,293
914,294
21523,295
17393,296
23731,297
844,298
9994,299
10616,300
18763,301
21880,302
27485,303
15092,304
19688,305
13443,306
18551,307
8999,308
13644,309
23135,310
2125,311
7797,312
23614,313
5938,314
19831,315
16063,316
3725,317
10361,318
18193,319
15879,320
5521,321
6243,322
15119,323
18672,324
8335,325
3659,326
2461,327
23384,328
13249,329
5978,330
19168,331
9793,332
14322,333
24486,334
23060,335
17805,336
8473,337
21126,338
13829,339
4742,340
6842,341
19228,342
6442,343
7029,344
10740,345
5733,346
9360,347
17908,348
3466,349
5824,350
12380,351
16604,352
18290,353
5886,354
24499,355
20527,356
22608,357
13863,358
5716,359
21822,360
15557,361
2724,362
25829,363
18166,364
7701,365
7259,366
16924,367
26297,368
22687,369
12445,370
12933,371
4328,372
13508,373
13356,374
5570,375
5200,376
10378,377
17207,378
25695,379
26177,380
22529,381
21943,382
26791,383
22146,384
10760,385
2915,386
23879,387
21441,388
17696,389
3153,390
953,391
1530,392
11256,393
25367,394
13190,395
10100,396
26865,397
10908,398
6381,399
7549,400
3874,401
10729,402
20383,403
7937,404
635,405
11849,406
19958,407
25077,408
13194,409
4284,410
27434,411
9206,412
3691,413
4214,414
11561,415
24129,416
16722,417
3400,418
9580,419
3333,420
11143,421
24919,422
26201,423
12138,424
11861,425
19149,426
6507,427
25326,428
26431,429
11471,430
5870,431
7685,432
18043,433
16932,434
23900,435
24063,436
20819,437
20641,438
27695,439
15291,440
4121,441
5160,442
14413,443
6951,444
7838,445
5900,446
1365,447
4436,448
16154,449
19667,450
27235,451
8749,452
16876,453
3084,454
16809,455
14112,456
9101,457
8755,458
10647,459
23302,460
15115,461
23632,462
9729,463
10689,464
5118,465
19976,466
10190,467
15997,468
801,469
18261,470
5493,471
23612,472
12458,473
12307,474
10469,475
2737,476
25106,477
2872,478
12152,479
5943,480
7910,481
14608,482
10301,483
21304,484
17970,485
520,486
2828,487
13792,488
14596,489
23507,490
10228,491
22605,492
23271,493
16361,494
17535,495
26524,496
8037,497
14050,498
15472,499
22091,500
9675,501
19176,502
4410,503
15691,504
2090,505
26271,506
25336,507
24411,508
15424,509
21259,510
440,511
15563,512
5948,513
19771,514
14812,515
19910,516
1973,517
21719,518
7484,519
10742,520
23059,521
1697,522
4510,523
24814,524
21789,525
2324,526
10775,527
19362,528
19522,529
22859,530
16131,531
4916,532
5724,533
5067,534
10098,535
6625,536
18905,537
5184,538
23503,539
2187,540
11618,541
21796,542
24204,543
21083,544
14698,545
10157,546
16178,547
12147,548
3189,549
17060,550
8210,551
7657,552
10261,553
7739,554
21435,555
957,556
14770,557
23037,558
19894,559
9599,560
2632,561
19599,562
20960,563
13239,564
7306,565
2083,566
4622,567
4829,568
11496,569
15887,570
11243,571
22727,572
7020,573
13578,574
21437,575
19336,576
11386,577
8405,578
18810,579
18976,580
12877,581
5240,582
15856,583
27230,584
21365,585
11384,586
27391,587
23949,588
125,589
1928,590
3642,591
15994,592
1691,593
20724,594
3521,595
17278,596
20433,597
26014,598
7446,599
18470,600
20287,601
2703,602
19369,603
6253,604
16861,605
7919,606
12743,607
3519,608
18728,609
1300,610
5857,611
10792,612
7627,613
8029,614
21818,615
24740,616
15953,617
7542,618
10769,619
18684,620
20544,621
21453,622
13446,623
4752,624
9911,625
19819,626
8286,627
1158,628
1105,629
6616,630
12130,631
13241,632
12143,633
8071,634
9522,635
2337,636
7593,637
6981,638
5022,639
13079,640
17733,641
2245,642
7119,643
17258,644
12493,645
19774,646
7734,647
2237,648
25878,649
4044,650
16856,651
19601,652
26773,653
23225,654
3246,655
12400,656
10799,657
11857,658
13486,659
6718,660
19244,661
24746,662
13405,663
16123,664
27783,665
10839,666
9869,667
19942,668
27797,669
27148,670
13333,671
23708,672
6499,673
9481,674
7075,675
21655,676
4245,677
11660,678
17740,679
18451,680
14195,681
16340,682
22838,683
18096,684
25905,685
15613,686
7758,687
25352,688
26522,689
24391,690
23352,691
17421,692
12483,693
335,694
13391,695
3638,696
2486,697
21768,698
7482,699
3444,700
12375,701
18135,702
6282,703
11128,704
10332,705
26852,706
26700,707
1200,708
16209,709
26346,710
15233,711
11016,712
19105,713
13551,714
14412,715
11542,716
14174,717
10224,718
21837,719
5468,720
6382,721
16684,722
471,723
16057,724
19614,725
26843,726
6960,727
19514,728
10830,729
19148,730
14517,731
10251,732
10778,733
11497,734
25205,735
21829,736
15419,737
8116,738
17587,739
2130,740
27614,741
1486,742
24641,743
14926,744
26797,745
10487,746
13720,747
3639,748
115,749
20958,750
25804,751
5972,752
308,753
8221,754
27550,755
21595,756
3893,757
17525,758
1861,759
21235,760
17878,761
2589,762
2311,763
6085,764
5104,765
25831,766
4432,767
505,768
20656,769
2845,770
13283,771
27095,772
26727,773
17297,774
2088,775
26461,776
18063,777
27601,778
3019,779
11717,780
6872,781
14393,782
17734,783
16263,784
5622,785
19549,786
3417,787
21755,788
16973,789
25984,790
17980,791
11599,792
26597,793
25964,794
9264,795
887,796
13201,797
6740,798
15594,799
13721,800
13024,801
3406,802
9508,803
12915,804
25324,805
22761,806
18878,807
13103,808
21881,809
2271,810
22144,811
25386,812
25850,813
6154,814
24892,815
8329,816
15399,817
20054,818
13332,819
23764,820
8305,821
17561,822
10148,823
10404,824
9787,825
14844,826
5421,827
24844,828
4081,829
23997,830
18378,831
7834,832
5523,833
21354,834
18163,835
9935,836
24505,837
13678,838
7029,839
13814,840
9103,841
12907,842
22654,843
27735,844
5116,845
25212,846
10888,847
17904,848
18173,849
21725,850
11083,851
828,852
2972,853
9152,854
20335,855
5264,856
15784,857
7988,858
14262,859
138,860
14929,861
2966,862
7507,863
18762,864
26446,865
3923,866
17075,867
6856,868
15262,869
23023,870
12271,871
23820,872
15545,873
9499,874
7003,875
23499,876
11591,877
1703,878
12238,879
10138,880
4585,881
13036,882
8556,883
12405,884
8418,885
21333,886
3133,887
20613,888
3074,889
16488,890
18988,891
8929,892
24806,893
19087,894
27651,895
27218,896
4380,897
7740,898
17901,899
12765,900
13809,901
7034,902
9097,903
25381,904
21777,905
23818,906
7821,907
18553,908
10914,909
23186,910
3813,911
2470,912
8798,913
10996,914
21995,915
25554,916
11536,917
9635,918
19661,919
26818,920
15509,921
1099,922
14795,923
12175,924
2145,925
15391,926
645,927
15552,928
21637,929
18000,930
1968,931
7088,932
20442,933
16314,934
827,935
25503,936
6694,937
25088,938
18532,939
6361,940
15729,941
13923,942
21499,943
27621,944
17824,945
8938,946
25214,947
21298,948
10526,949
25216,950
21342,951
23081,952
3016,953
23350,954
12486,955
20298,956
14806,957
27473,958
4552,959
3725,960
18516,961
24854,962
2086,963
7726,964
13158,965
12403,966
15402,967
17192,968
8050,969
5067,970
14346,971
16995,972
18478,973
5037,974
13737,975
20108,976
26841,977
14664,978
20989,979
24521,980
25888,981
21003,982
2094,983
16067,984
10721,985
14329,986
21229,987
20542,988
13409,989
26135,990
3559,991
8824,992
5027,993
23325,994
24483,995
7099,996
3835,997
24972,998
24704,999
3265,1000
23093,1001
14455,1002
8008,1003
6258,1004
14564,1005
22339,1006
5896,1007
15590,1008
18038,1009
12134,1010
8169,1011
1789,1012
7149,1013
26274,1014
18459,1015
5488,1016
13556,1017
23111,1018
10456,1019
22514,1020
10912,1021
17230,1022
1916,1023
11525,1024
