23403,1
271,2
27031,3
12274,4
360,5
18641,6
877,7
12850,8
9900,9
21082,10
14985,11
14777,12
18482,13
16147,14
11413,15
10263,16
7958,17
10729,18
19981,19
21615,20
5899,21
23005,22
7715,23
14528,24
11756,25
47,26
13412,27
8802,28
8706,29
3193,30
8661,31
18544,32
23744,33
27321,34
4921,35
16261,36
3378,37
3343,38
20747,39
7656,40
26937,41
3777,42
26281,43
26855,44
25129,45
14027,46
2904,47
27038,48
19221,49
15919,50
16899,51
26535,52
22281,53
22715,54
13005,55
1625,56
16367,57
26918,58
26827,59
8890,60
243,61
16502,62
23928,63
6902,64
20833,65
3772,66
20087,67
281,68
24679,69
5533,70
16232,71
27433,72
15970,73
2447,74
13965,75
21786,76
21811,77
5980,78
16052,79
26559,80
24425,81
383,82
17824,83
22393,84
15975,85
11787,86
4047,87
17598,88
26196,89
23466,90
20491,91
19483,92
5511,93
19150,94
17421,95
670,96
11482,97
9288,98
4168,99
22209,100
19783,101
7839,102
23289,103
25492,104
5500,105
23318,106
25381,107
15528,108
17222,109
12836,110
10533,111
7931,112
20638,113
5625,114
21150,115
11500,116
14238,117
9654,118
3539,119
19441,120
9465,121
12375,122
6528,123
14600,124
7581,125
10978,126
13992,127
23749,128
10321,129
4612,130
1927,131
4980,132
10489,133
659,134
9465,135
16254,136
16791,137
23400,138
8794,139
22792,140
1539,141
5387,142
12325,143
27109,144
26940,145
12401,146
25502,147
26502,148
9221,149
27403,150
4504,151
11963,152
12163,153
1837,154
18835,155
11500,156
6050,157
13437,158
15802,159
22819,160
25168,161
12220,162
23670,163
20223,164
15928,165
14227,166
1764,167
1740,168
6221,169
16423,170
22071,171
15684,172
11290,173
760,174
13925,175
20860,176
21567,177
27536,178
10754,179
14300,180
17635,181
5995,182
4312,183
19467,184
6555,185
25436,186
5464,187
18904,188
15870,189
16499,190
3325,191
14538,192
11547,193
25870,194
15832,195
22713,196
18378,197
18606,198
26825,199
16240,200
9222,201
18878,202
3414,203
526,204
6542,205
26710,206
20534,207
26954,208
25019,209
10848,210
9420,211
4977,212
8323,213
11700,214
17848,215
8768,216
24697,217
22158,218
6028,219
19967,220
17524,221
15946,222
26724,223
17253,224
991,225
10523,226
5364,227
8876,228
19445,229
25271,230
2444,231
11100,232
13125,233
3013,234
21754,235
18207,236
5281,237
9441,238
19777,239
22027,240
23307,241
3674,242
18154,243
9614,244
3630,245
21381,246
14223,247
13803,248
20846,249
1406,250
2373,251
17818,252
25371,253
1987,254
26115,255
17464,256
13852,257
20437,258
804,259
15400,260
19780,261
1004,262
25325,263
24516,264
3775,265
23620,266
5777,267
12459,268
2305,269
2060,270
13998,271
16650,272
9354,273
14082,274
27434,275
8480,276
20888,277
20610,278
27255,279
16940,280
18881,281
20323,282
26466,283
4628,284
23915,285
10445,286
20262,287
26655,288
6863,289
18342,290
11531,291
13579,292
5743,293
11185,294
26250,295
24610,296
19112,297
18092,298
8215,299
10947,300
6290,301
2885,302
3876,303
18314,304
3555,305
20272,306
2579,307
1782,308
20846,309
25303,310
22666,311
4076,312
16420,313
1241,314
24973,315
21054,316
22249,317
14061,318
24165,319
6052,320
22298,321
7443,322
18361,323
5250,324
26446,325
8563,326
16121,327
9708,328
15056,329
2726,330
4390,331
7450,332
387,333
3156,334
6818,335
1373,336
25673,337
8723,338
10749,339
11757,340
2087,341
26900,342
22468,343
26679,344
7114,345
961,346
8858,347
181,348
4229,349
15386,350
1404,351
20777,352
10409,353
3528,354
6693,355
14455,356
27481,357
18252,358
5288,359
4352,360
16399,361
25715,362
3574,363
17823,364
20998,365
13890,366
26673,367
22964,368
18071,369
19300,370
21225,371
8296,372
18977,373
102,374
13867,375
20542,376
9895,377
14300,378
15279,379
7702,380
24624,381
7597,382
18075,383
11672,384
20296,385
14037,386
6627,387
2642,388
25280,389
23825,390
13241,391
6648,392
24404,393
15878,394
462,395
3884,396
21057,397
16271,398
2608,399
12209,400
26154,401
2664,402
18512,403
8355,404
11925,405
982,406
4139,407
20753,408
21750,409
7024,410
20833,411
16348,412
6358,413
25685,414
14399,415
18966,416
8439,417
24070,418
984,419
13255,420
10365,421
27185,422
1838,423
25978,424
14766,425
27610,426
17021,427
26702,428
18312,429
2408,430
15177,431
11265,432
24283,433
18309,434
11154,435
15482,436
6068,437
21787,438
26848,439
22159,440
5261,441
11352,442
780,443
20943,444
17400,445
9950,446
364,447
23615,448
15665,449
17168,450
7125,451
17422,452
24385,453
4170,454
10125,455
16453,456
25942,457
20098,458
12251,459
17547,460
321,461
23044,462
26646,463
6232,464
26699,465
22460,466
19715,467
21913,468
11046,469
19533,470
15985,471
13600,472
22119,473
5958,474
23024,475
21372,476
26296,477
10118,478
8072,479
18037,480
17392,481
3032,482
26690,483
16839,484
21653,485
6133,486
18053,487
11943,488
4190,489
4957,490
21355,491
694,492
3219,493
19773,494
17554,495
15270,496
10761,497
24401,498
16083,499
17606,500
11147,501
7165,502
20734,503
19106,504
12119,505
25381,506
15372,507
12513,508
26127,509
7130,510
23229,511
385,512
3268,513
24397,514
2283,515
14583,516
15703,517
18233,518
11776,519
17819,520
17019,521
6172,522
23795,523
17310,524
2809,525
25677,526
18995,527
16828,528
13962,529
27305,530
8763,531
6242,532
18010,533
12631,534
10095,535
7012,536
23998,537
26122,538
12449,539
8917,540
26389,541
19938,542
7001,543
3573,544
8163,545
4013,546
3566,547
20674,548
10340,549
19299,550
307,551
20862,552
905,553
27005,554
12940,555
675,556
7233,557
11452,558
12831,559
23861,560
15464,561
3821,562
23896,563
360,564
19060,565
17108,566
18134,567
662,568
8327,569
9956,570
20279,571
20832,572
24022,573
24612,574
8249,575
20031,576
11062,577
15677,578
3202,579
8984,580
21069,581
20858,582
11299,583
6124,584
16457,585
23842,586
17061,587
19844,588
17576,589
16524,590
5682,591
25961,592
19206,593
17648,594
9814,595
23449,596
16314,597
11403,598
18120,599
1433,600
6640,601
15156,602
26849,603
9370,604
9193,605
19430,606
4642,607
16832,608
7769,609
6087,610
21240,611
20125,612
20049,613
1882,614
10376,615
8552,616
10031,617
26022,618
16047,619
1937,620
23221,621
9082,622
26463,623
21859,624
4956,625
18379,626
26599,627
7770,628
16520,629
3689,630
26066,631
2114,632
13849,633
3456,634
19623,635
15465,636
5834,637
13500,638
988,639
13377,640
7124,641
24164,642
26189,643
21031,644
27037,645
17322,646
22048,647
4721,648
27189,649
12370,650
4101,651
17501,652
4155,653
3290,654
19629,655
3275,656
25325,657
4784,658
25516,659
4986,660
448,661
6391,662
16578,663
7253,664
14433,665
4208,666
10009,667
17717,668
7915,669
22335,670
23283,671
27011,672
6377,673
12423,674
9883,675
21753,676
12635,677
7730,678
7331,679
6165,680
16020,681
17127,682
3785,683
16711,684
23652,685
16638,686
23454,687
1315,688
3880,689
394,690
24665,691
14469,692
10355,693
2216,694
12492,695
4828,696
25593,697
15243,698
9160,699
19643,700
6083,701
14763,702
8496,703
25577,704
1317,705
22389,706
13687,707
4556,708
3132,709
5116,710
26366,711
20627,712
26699,713
20378,714
3587,715
17409,716
22029,717
6423,718
21573,719
808,720
12902,721
8240,722
13544,723
13196,724
21948,725
553,726
14625,727
494,728
8316,729
21907,730
10738,731
4841,732
21247,733
5827,734
7165,735
25965,736
3351,737
19872,738
22617,739
26806,740
25466,741
12085,742
18723,743
20261,744
902,745
12274,746
13670,747
22044,748
6651,749
7828,750
23929,751
612,752
1981,753
341,754
3573,755
20402,756
17952,757
17405,758
21894,759
3160,760
7849,761
23049,762
8425,763
10335,764
6093,765
17595,766
3661,767
4960,768
7925,769
3065,770
5454,771
24949,772
3515,773
26953,774
7728,775
204,776
13076,777
8595,778
17348,779
24971,780
26430,781
896,782
15642,783
25262,784
6259,785
25370,786
2170,787
2354,788
13003,789
6660,790
2781,791
17523,792
23056,793
8342,794
20386,795
12231,796
3800,797
19129,798
21470,799
11692,800
25504,801
16360,802
17410,803
14709,804
22831,805
20205,806
5894,807
16295,808
18145,809
17641,810
12933,811
26710,812
14247,813
6900,814
24055,815
4542,816
157,817
17410,818
21570,819
6517,820
2086,821
20768,822
12774,823
15748,824
21762,825
25987,826
9470,827
12960,828
7844,829
12420,830
12967,831
8970,832
8287,833
4290,834
3882,835
20201,836
18390,837
1323,838
10703,839
7292,840
23262,841
14091,842
6914,843
27347,844
25617,845
24826,846
25888,847
21486,848
8291,849
937,850
11188,851
24613,852
27146,853
16880,854
12893,855
27319,856
18658,857
7096,858
4987,859
24254,860
23390,861
14068,862
6410,863
27439,864
6314,865
6085,866
449,867
9971,868
25415,869
9142,870
7356,871
13333,872
16258,873
3216,874
14097,875
26889,876
11590,877
2621,878
388,879
11209,880
906,881
24704,882
19374,883
1668,884
391,885
3622,886
1036,887
13396,888
21129,889
14136,890
9010,891
1462,892
24419,893
16091,894
9616,895
20820,896
24661,897
23518,898
6139,899
6842,900
20064,901
25751,902
6266,903
12056,904
12268,905
8638,906
9079,907
4757,908
15707,909
10028,910
17217,911
22809,912
18706,913
19150,914
648,915
18841,916
7256,917
172,918
11249,919
26185,920
9837,921
23607,922
20832,923
7257,924
1219,925
9309,926
4021,927
6161,928
26621,929
6915,930
2683,931
10062,932
17320,933
8555,934
4100,935
11931,936
23882,937
11419,938
23704,939
17467,940
16421,941
1282,942
25444,943
15522,944
26569,945
22244,946
19162,947
10499,948
4579,949
2288,950
8716,951
13780,952
9680,953
21546,954
12774,955
20829,956
14831,957
13672,958
1291,959
16399,960
27245,961
14959,962
8524,963
7820,964
8998,965
12718,966
7367,967
13509,968
10455,969
7329,970
1219,971
25190,972
26728,973
1857,974
10955,975
23302,976
24476,977
22996,978
14229,979
16568,980
26244,981
10905,982
14153,983
21241,984
852,985
22564,986
24169,987
4275,988
8189,989
4324,990
23477,991
4262,992
27008,993
19969,994
748,995
24521,996
19926,997
14684,998
7364,999
5431,1000
1193,1001
15459,1002
18857,1003
3332,1004
6101,1005
24089,1006
21788,1007
20490,1008
26355,1009
6558,1010
17688,1011
24736,1012
6490,1013
12065,1014
12711,1015
9336,1016
3712,1017
12409,1018
12037,1019
3748,1020
13497,1021
11444,1022
6696,1023
3375,1024
